0	0	2635	307.5	292	89790	0.3075
1	0	2634	208.5	230.4	48038.4	0.516
2	0	2633	128	220.1	28172.8	0.644
3	0	2632	136.2	271.3	36951.06	0.7802
4	0	2631	167.3	295.7	49470.61	0.9475
5	0	2630	137.8	0	0	1.0853
6	0	2629	140.5	0	0	1.2258
7	0	2628	237.7	0	0	1.4635
8	0	2627	228.6	0	0	1.6921
9	0	2626	227.7	300.5	68423.85	1.9198
10	0	2625	178.9	299.9	53652.11	2.0987
11	0	2624	210.3	273.4	57496.02	2.309
12	0	2623	259.1	249	64515.9	2.5681
13	0	2622	166.1	282.2	46873.42	2.7342
14	0	2621	1151.9	0	0	3.8861
15	0	2620	116.1	244.8	28421.28	4.0022
16	0	2619	126.2	223.1	28155.22	4.1284
17	0	2618	113.1	195.4	22099.74	4.2415
18	0	2617	63.1	203.3	12828.23	4.3046
19	0	2616	142.6	207.3	29560.98	4.4472
20	0	2615	111.3	256	28492.8	4.5585
21	0	2614	179.8	228.6	41102.28	4.7383
22	0	2613	109.4	112.2	12274.68	4.8477
23	0	2612	236.8	192	45465.6	5.0845
24	0	2611	301.8	150	45270	5.3863
25	0	2610	171	171.9	29394.9	5.5573
26	0	2609	75	206.3	15472.5	5.6323
27	0	2608	213.4	191.4	40844.76	5.8457
28	0	2607	1051.6	0	0	6.8973
29	0	2606	116.4	232.6	27074.64	7.0137
30	0	2605	267.9	167.3	44819.67	7.2816
31	0	2604	120.4	135.3	16290.12	7.402
32	0	2603	234.4	168.2	39426.08	7.6364
33	0	2602	364.2	168.2	61258.44	8.0006
34	0	2601	184.1	150.6	27725.46	8.1847
35	0	2600	531.3	128	68006.4	8.716
36	0	2599	101.8	112.2	11421.96	8.8178
37	0	2598	84.1	93.6	7871.76	8.9019
38	0	2597	171.6	119.8	20557.68	9.0735
39	0	2596	100.6	83.2	8369.92	9.1741
40	0	2595	75.3	114.3	8606.79	9.2494
41	0	2594	53.3	136.2	7259.46	9.3027
42	0	2593	98.5	136.2	13415.7	9.4012
43	0	2592	459.9	0	0	9.8611
44	0	2591	57.6	142	8179.2	9.9187
45	0	2590	58.5	76.2	4457.7	9.9772
46	0	2589	36.6	82.9	3034.14	10.0138
47	0	2588	124.4	86.9	10810.36	10.1382
48	0	2587	86.9	123.1	10697.39	10.2251
49	0	2586	101.5	93.6	9500.4	10.3266
50	0	2585	157.9	117.7	18584.83	10.4845
51	0	2584	191.4	136.9	26202.66	10.6759
52	0	2583	366.7	136.9	50201.23	11.0426
53	0	2582	490.7	119.8	58785.86	11.5333
54	0	2581	96.9	132.6	12848.94	11.6302
55	0	2580	118.9	133.2	15837.48	11.7491
56	0	2579	143	144.5	20663.5	11.8921
57	0	2578	113.1	89.9	10167.69	12.0052
58	0	2577	119.8	77.4	9272.52	12.125
59	0	2576	121.6	79.9	9715.84	12.2466
60	0	2575	221.3	95.7	21178.41	12.4679
61	0	2574	95.7	112.2	10737.54	12.5636
62	0	2573	212.4	114.3	24277.32	12.776
63	0	2572	238.4	74.1	17665.44	13.0144
64	0	2571	144.5	99.7	14406.65	13.1589
65	0	2570	86	122.5	10535	13.2449
66	0	2569	120.7	0	0	13.3656
67	0	2568	97.5	103.6	10101	13.4631
68	0	2567	78.3	78.6	6154.38	13.5414
69	0	2566	109.7	62.8	6889.16	13.6511
70	0	2565	175.9	54.3	9551.37	13.827
71	0	2564	164.6	101.5	16706.9	13.9916
72	0	2563	150.9	102.1	15406.89	14.1425
73	0	2562	220.7	69.8	15404.86	14.3632
74	0	2561	549.9	0	0	14.9131
75	0	2560	114.6	169.5	19424.7	15.0277
76	0	2559	92.7	121	11216.7	15.1204
77	0	2558	310.9	77.4	24063.66	15.4313
78	0	2557	124.7	81.7	10187.99	15.556
79	0	2556	255.1	109.4	27907.94	15.8111
80	0	2555	176.8	139.6	24681.28	15.9879
81	0	2554	315.2	134.1	42268.32	16.3031
82	0	2553	251.2	139	34916.8	16.5543
83	0	2552	119.2	147.8	17617.76	16.6735
84	0	2551	55.5	127.4	7070.7	16.729
85	0	2550	248.7	96.6	24024.42	16.9777
86	0	2549	164.3	120.7	19831.01	17.142
87	0	2548	190.2	70.7	13447.14	17.3322
88	0	2547	298.1	130.5	38902.05	17.6303
89	0	2546	100.9	150	15135	17.7312
90	0	2545	171.3	109.7	18791.61	17.9025
91	0	2544	199.6	87.2	17405.12	18.1021
92	0	2543	102.1	122.2	12476.62	18.2042
93	0	2542	94.2	102.4	9646.08	18.2984
94	0	2541	134.1	115.5	15488.55	18.4325
95	0	2540	194.2	120.7	23439.94	18.6267
96	0	2539	164	101.2	16596.8	18.7907
97	0	2538	91.1	96.6	8800.26	18.8818
98	0	2537	151.2	91.4	13819.68	19.033
99	0	2536	186.2	68.6	12773.32	19.2192
100	0	2535	102.4	94.2	9646.08	19.3216
101	0	2534	177.4	103	18272.2	19.499
102	0	2533	120.7	68.6	8280.02	19.6197
103	0	2532	198.7	135.6	26943.72	19.8184
104	0	2531	270.7	84.4	22847.08	20.0891
105	0	2530	167.3	93.6	15659.28	20.2564
106	0	2529	168.9	59.1	9981.99	20.4253
107	0	2528	113.1	136.9	15483.39	20.5384
108	0	2527	204.8	81.4	16670.72	20.7432
109	0	2526	483.1	87.5	42271.25	21.2263
110	0	2525	456	67.1	30597.6	21.6823
111	0	2524	85.3	90.5	7719.65	21.7676
112	0	2523	436.5	62.8	27412.2	22.2041
113	0	2522	78.3	83.5	6538.05	22.2824
114	0	2521	181.7	98.1	17824.77	22.4641
115	0	2520	262.7	66.1	17364.47	22.7268
116	0	2519	148.1	71.9	10648.39	22.8749
117	0	2518	140.8	134.4	18923.52	23.0157
118	0	2517	196.6	141.7	27858.22	23.2123
119	0	2516	193.6	116.1	22476.96	23.4059
120	0	2515	75.3	94.5	7115.85	23.4812
121	0	2514	563.3	92.4	52048.92	24.0445
122	0	2513	174	102.4	17817.6	24.2185
123	0	2512	454.2	70.4	31975.68	24.6727
124	0	2511	228.6	88.7	20276.82	24.9013
125	0	2510	229.5	0	0	25.1308
126	0	2509	126.8	79.2	10042.56	25.2576
127	0	2508	253	101.8	25755.4	25.5106
128	0	2507	163.7	134.1	21952.17	25.6743
129	0	2506	268.2	36.3	9735.66	25.9425
130	0	2505	667.2	0	0	26.6097
131	0	2504	300.8	62.8	18890.24	26.9105
132	0	2503	165.2	119.5	19741.4	27.0757
133	0	2502	402	99.4	39958.8	27.4777
134	0	2501	99.1	103.6	10266.76	27.5768
135	0	2500	195.1	111.3	21714.63	27.7719
136	0	2499	150.9	126.5	19088.85	27.9228
137	0	2498	261.2	118.6	30978.32	28.184
138	0	2497	392	75.9	29752.8	28.576
139	0	2496	70.1	78.6	5509.86	28.6461
140	0	2495	286.5	103	29509.5	28.9326
141	0	2494	284.4	39.9	11347.56	29.217
142	0	2493	441.1	33.8	14909.18	29.6581
143	0	2492	176.8	104.9	18546.32	29.8349
144	0	2491	196.3	100.6	19747.78	30.0312
145	0	2490	223.7	118.9	26597.93	30.2549
146	0	2489	114.9	108.8	12501.12	30.3698
147	0	2488	261.8	68.6	17959.48	30.6316
148	0	2487	99.4	80.8	8031.52	30.731
149	0	2486	548	71.3	39072.4	31.279
150	0	2485	343.2	68.6	23543.52	31.6222
151	0	2484	167	112.8	18837.6	31.7892
152	0	2483	178.6	0	0	31.9678
153	0	2482	288.3	77.1	22227.93	32.2561
154	0	2481	237.7	105.2	25006.04	32.4938
155	0	2480	195.7	102.4	20039.68	32.6895
156	0	2479	128.6	128.9	16576.54	32.8181
157	0	2478	128.6	104.2	13400.12	32.9467
158	0	2477	157.3	79.6	12521.08	33.104
159	0	2476	248.7	64.9	16140.63	33.3527
160	0	2475	183.2	97.8	17916.96	33.5359
161	0	2474	139.6	96	13401.6	33.6755
162	0	2473	65.2	64.9	4231.48	33.7407
163	0	2472	174.3	65.2	11364.36	33.915
164	0	2471	252.4	0	0	34.1674
165	0	2470	182	139	25298	34.3494
166	0	2469	331.9	98.1	32559.39	34.6813
167	0	2468	243.2	75	18240	34.9245
168	0	2467	325.5	94.5	30759.75	35.25
169	0	2466	256.6	86.9	22298.54	35.5066
170	0	2465	442.3	71.6	31668.68	35.9489
171	0	2464	96	88.4	8486.4	36.0449
172	0	2463	242.3	146.3	35448.49	36.2872
173	0	2462	74.7	100.6	7514.82	36.3619
174	0	2461	246.9	19.5	4814.55	36.6088
175	0	2460	178.3	123.7	22055.71	36.7871
176	0	2459	281	134.1	37682.1	37.0681
177	0	2458	245.1	134.1	32867.91	37.3132
178	0	2457	173.1	60.4	10455.24	37.4863
179	0	2456	167.9	59.4	9973.26	37.6542
180	0	2455	221.3	57	12614.1	37.8755
181	0	2454	19.2	53.6	1029.12	37.8947
182	0	2453	1205.8	0	0	39.1005
183	0	2452	174.7	72.8	12718.16	39.2752
184	0	2451	99.4	72.2	7176.68	39.3746
185	0	2450	60.7	43.3	2628.31	39.4353
186	0	2449	105.5	82.3	8682.65	39.5408
187	0	2448	182.3	52.7	9607.21	39.7231
188	0	2447	129.2	57.6	7441.92	39.8523
189	0	2446	190.8	139.6	26635.68	40.0431
190	0	2445	164.9	111.9	18452.31	40.208
191	0	2444	105.5	97.2	10254.6	40.3135
192	0	2443	135.9	74.7	10151.73	40.4494
193	0	2442	198.1	72.8	14421.68	40.6475
194	0	2441	301.1	0	0	40.9486
195	0	2440	253	121.3	30688.9	41.2016
196	0	2439	100	107.3	10730	41.3016
197	0	2438	131.4	73.8	9697.32	41.433
198	0	2437	146.9	55.8	8197.02	41.5799
199	0	2436	386.5	94.5	36524.25	41.9664
200	0	2435	385.9	116.4	44918.76	42.3523
201	0	2434	185.3	140.8	26090.24	42.5376
202	0	2433	70.1	141.4	9912.14	42.6077
203	0	2432	310.3	89	27616.7	42.918
204	0	2431	136.9	107.9	14771.51	43.0549
205	0	2430	171.9	131.7	22639.23	43.2268
206	0	2429	291.1	104.5	30419.95	43.5179
207	0	2428	50.3	99.7	5014.91	43.5682
208	0	2427	215.8	97.8	21105.24	43.784
209	0	2426	71.6	68.3	4890.28	43.8556
210	0	2425	121	20.7	2504.7	43.9766
211	0	2424	119.2	103.3	12313.36	44.0958
212	0	2423	391.1	94.8	37076.28	44.4869
213	0	2422	255.4	104.9	26791.46	44.7423
214	0	2421	103.6	69.8	7231.28	44.8459
215	0	2420	556.6	62.8	34954.48	45.4025
216	0	2419	226.2	104.2	23570.04	45.6287
217	0	2418	237.7	91.7	21797.09	45.8664
218	0	2417	224	97.2	21772.8	46.0904
219	0	2416	291.4	66.8	19465.52	46.3818
220	0	2415	153.6	78	11980.8	46.5354
221	0	2414	21	78.6	1650.6	46.5564
222	0	2413	147.8	101.5	15001.7	46.7042
223	0	2412	193.6	108.2	20947.52	46.8978
224	0	2411	132.9	112.8	14991.12	47.0307
225	0	2410	758	78	59124	47.7887
226	0	2409	325.8	45.4	14791.32	48.1145
227	0	2408	108.2	64	6924.8	48.2227
228	0	2407	133.5	53	7075.5	48.3562
229	0	2406	30.5	130.8	3989.4	48.3867
230	0	2405	486.2	78.6	38215.32	48.8729
231	0	2404	320.7	93.9	30113.73	49.1936
232	0	2403	130.8	73.2	9574.56	49.3244
233	0	2402	46.3	73.2	3389.16	49.3707
234	0	2401	266.7	57	15201.9	49.6374
235	0	2400	516	85.3	44014.8	50.1534
236	0	2399	161.5	94.8	15310.2	50.3149
237	0	2398	210.9	51.2	10798.08	50.5258
238	0	2397	113.1	53	5994.3	50.6389
239	0	2396	177.4	76.2	13517.88	50.8163
240	0	2395	157.9	76.2	12031.98	50.9742
241	0	2394	151.2	110.9	16768.08	51.1254
242	0	2393	143.6	77.4	11114.64	51.269
243	0	2392	189	68.9	13022.1	51.458
244	0	2391	249.3	123.4	30763.62	51.7073
245	0	2390	120.7	98.5	11888.95	51.828
246	0	2389	119.2	100.9	12027.28	51.9472
247	0	2388	347.8	85.3	29667.34	52.295
248	0	2387	160.3	65.5	10499.65	52.4553
249	0	2386	71.6	89.6	6415.36	52.5269
250	0	2385	340.2	41.1	13982.22	52.8671
251	0	2384	464.5	0	0	53.3316
252	0	2383	425.5	52.4	22296.2	53.7571
253	0	2382	234.4	112.5	26370	53.9915
254	0	2381	96	125.3	12028.8	54.0875
255	0	2380	256.3	68.6	17582.18	54.3438
256	0	2379	161.5	76.8	12403.2	54.5053
257	0	2378	131.7	114.6	15092.82	54.637
258	0	2377	324	36.3	11761.2	54.961
259	0	2376	313.3	56.1	17576.13	55.2743
260	0	2375	456.9	71.3	32576.97	55.7312
261	0	2374	496.5	41.1	20406.15	56.2277
262	0	2373	96.3	33.8	3254.94	56.324
263	0	2372	207	96	19872	56.531
264	0	2371	97.8	56.7	5545.26	56.6288
265	0	2370	99.1	89	8819.9	56.7279
266	0	2369	162.8	86.3	14049.64	56.8907
267	0	2368	236.5	47.9	11328.35	57.1272
268	0	2367	167	82	13694	57.2942
269	0	2366	304.8	67.1	20452.08	57.599
270	0	2365	219.2	45.7	10017.44	57.8182
271	0	2364	180.4	41.5	7486.6	57.9986
272	0	2363	214.3	40.2	8614.86	58.2129
273	0	2362	163.1	65.8	10731.98	58.376
274	0	2361	305.1	63.1	19251.81	58.6811
275	0	2360	74.7	47.9	3578.13	58.7558
276	0	2359	88.1	68	5990.8	58.8439
277	0	2358	225.9	63.7	14389.83	59.0698
278	0	2357	123.4	73.8	9106.92	59.1932
279	0	2356	116.4	66.1	7694.04	59.3096
280	0	2355	164	77.1	12644.4	59.4736
281	0	2354	133.5	65.5	8744.25	59.6071
282	0	2353	111.6	67.4	7521.84	59.7187
283	0	2352	118.9	45.4	5398.06	59.8376
284	0	2351	121.3	54.6	6622.98	59.9589
285	0	2350	413	53.6	22136.8	60.3719
286	0	2349	121.6	0	0	60.4935
287	0	2348	473.1	61	28859.1	60.9666
288	0	2347	49.1	62.5	3068.75	61.0157
289	0	2346	132.9	62.5	8306.25	61.1486
290	0	2345	215.5	91.4	19696.7	61.3641
291	0	2344	316.1	75.9	23991.99	61.6802
292	0	2343	263.7	50	13185	61.9439
293	0	2342	88.7	98.8	8763.56	62.0326
294	0	2341	85	62.8	5338	62.1176
295	0	2340	393.5	53.6	21091.6	62.5111
296	0	2339	92.7	42.1	3902.67	62.6038
297	0	2338	301.5	52.1	15708.15	62.9053
298	0	2337	102.4	59.1	6051.84	63.0077
299	0	2336	406.3	48.8	19827.44	63.414
300	0	2335	166.4	53.6	8919.04	63.5804
301	0	2334	221.6	61.9	13717.04	63.802
302	0	2333	197.8	48.5	9593.3	63.9998
303	0	2332	191.4	50.9	9742.26	64.1912
304	0	2331	249.6	61.6	15375.36	64.4408
305	0	2330	369.1	46.3	17089.33	64.8099
306	0	2329	403	46.9	18900.7	65.2129
307	0	2328	758	45.7	34640.6	65.9709
308	0	2327	287.1	46.3	13292.73	66.258
309	0	2326	593.5	31.7	18813.95	66.8515
310	0	2325	161.2	44.2	7125.04	67.0127
311	0	2324	66.4	48.5	3220.4	67.0791
312	0	2323	646.2	40.8	26364.96	67.7253
313	0	2322	58.8	39.6	2328.48	67.7841
314	0	2321	178.3	41.1	7328.13	67.9624
315	0	2320	353.3	40.5	14308.65	68.3157
316	0	2319	87.2	49.4	4307.68	68.4029
317	0	2318	204.5	63.4	12965.3	68.6074
318	0	2317	81.7	61.6	5032.72	68.6891
319	0	2316	34.4	65.8	2263.52	68.7235
320	0	2315	421.8	57.6	24295.68	69.1453
321	0	2314	182.3	64.6	11776.58	69.3276
322	0	2313	199.6	47.9	9560.84	69.5272
323	0	2312	444.4	57.6	25597.44	69.9716
324	0	2311	188.4	64	12057.6	70.16
325	0	2310	166.4	73.2	12180.48	70.3264
326	0	2309	222.2	45.7	10154.54	70.5486
327	0	2308	51.5	67.1	3455.65	70.6001
328	0	2307	212.8	48.8	10384.64	70.8129
329	0	2306	195.1	54.3	10593.93	71.008
330	0	2305	178	52.4	9327.2	71.186
331	0	2304	244.8	58.5	14320.8	71.4308
332	0	2303	186.8	64.3	12011.24	71.6176
333	0	2302	103.3	59.1	6105.03	71.7209
334	0	2301	204.5	38.4	7852.8	71.9254
335	0	2300	332.5	44.5	14796.25	72.2579
336	0	2299	256.6	32.6	8365.16	72.5145
337	0	2298	46.6	24.4	1137.04	72.5611
338	0	2297	145.7	34.7	5055.79	72.7068
339	0	2296	40.8	35.1	1432.08	72.7476
340	0	2295	80.2	50.9	4082.18	72.8278
341	0	2294	205.4	57	11707.8	73.0332
342	0	2293	106.1	40.2	4265.22	73.1393
343	0	2292	108.8	61.9	6734.72	73.2481
344	0	2291	100	46.9	4690	73.3481
345	0	2290	103.6	49.4	5117.84	73.4517
346	0	2289	98.8	65.8	6501.04	73.5505
347	0	2288	79.9	67.7	5409.23	73.6304
348	0	2287	341.4	43.9	14987.46	73.9718
349	0	2286	144.2	60.7	8752.94	74.116
350	0	2285	75.3	66.4	4999.92	74.1913
351	0	2284	381.3	70.7	26957.91	74.5726
352	0	2283	116.4	42.4	4935.36	74.689
353	0	2282	65.8	56.7	3730.86	74.7548
354	0	2281	452.9	0	0	75.2077
355	0	2280	68.3	23.8	1625.54	75.276
356	0	2279	301.1	47.5	14302.25	75.5771
357	0	2278	143.3	36.6	5244.78	75.7204
358	0	2277	263.7	52.4	13817.88	75.9841
359	0	2276	182.3	42.7	7784.21	76.1664
360	0	2275	142.6	32.9	4691.54	76.309
361	0	2274	246.6	31.4	7743.24	76.5556
362	0	2273	82.3	38.1	3135.63	76.6379
363	0	2272	297.2	39.3	11679.96	76.9351
364	0	2271	144.8	38.4	5560.32	77.0799
365	0	2270	66.1	41.1	2716.71	77.146
366	0	2269	116.7	52.4	6115.08	77.2627
367	0	2268	242.9	51.5	12509.35	77.5056
368	0	2267	68.6	43.6	2990.96	77.5742
369	0	2266	87.5	30.8	2695	77.6617
370	0	2265	315.8	52.4	16547.92	77.9775
371	0	2264	238.4	0	0	78.2159
372	0	2263	174.3	56.4	9830.52	78.3902
373	0	2262	24.1	46.6	1123.06	78.4143
374	0	2261	78.3	0	0	78.4926
375	0	2260	112.5	48.2	5422.5	78.6051
376	0	2259	70.4	57.3	4033.92	78.6755
377	0	2258	142.6	89.6	12776.96	78.8181
378	0	2257	393.2	0	0	79.2113
379	0	2256	60	39.3	2358	79.2713
380	0	2255	100.6	45.1	4537.06	79.3719
381	0	2254	76.2	83.2	6339.84	79.4481
382	0	2253	114.3	71.6	8183.88	79.5624
383	0	2252	788.5	37.2	29332.2	80.3509
384	0	2251	68	25.3	1720.4	80.4189
385	0	2250	372.8	41.1	15322.08	80.7917
386	0	2249	254.8	55.2	14064.96	81.0465
387	0	2248	87.2	84.4	7359.68	81.1337
388	0	2247	358.1	40.2	14395.62	81.4918
389	0	2246	175.9	51.8	9111.62	81.6677
390	0	2245	275.5	40.5	11157.75	81.9432
391	0	2244	93.3	68.9	6428.37	82.0365
392	0	2243	183.8	38.4	7057.92	82.2203
393	0	2242	268.8	82.3	22122.24	82.4891
394	0	2241	296.6	40.8	12101.28	82.7857
395	0	2240	325.5	0	0	83.1112
396	0	2239	249.9	61	15243.9	83.3611
397	0	2238	95.4	86.3	8233.02	83.4565
398	0	2237	500.5	81.1	40590.55	83.957
399	0	2236	249.6	57.3	14302.08	84.2066
400	0	2235	215.5	39.6	8533.8	84.4221
401	0	2234	1143.9	0	0	85.566
402	0	2233	48.2	40.2	1937.64	85.6142
403	0	2232	234.1	53	12407.3	85.8483
404	0	2231	262.4	62.8	16478.72	86.1107
405	0	2230	237.1	51.2	12139.52	86.3478
406	0	2229	66.8	91.4	6105.52	86.4146
407	0	2228	1950.7	38.1	74321.67	88.3653
408	0	2227	244.1	30.5	7445.05	88.6094
409	0	2226	78.9	28.3	2232.87	88.6883
410	0	2225	79.9	30.8	2460.92	88.7682
411	0	2224	293.2	38.4	11258.88	89.0614
412	0	2223	144.5	75	10837.5	89.2059
413	0	2222	333.5	57	19009.5	89.5394
414	0	2221	145.4	64.6	9392.84	89.6848
415	0	2220	245.4	70.1	17202.54	89.9302
416	0	2219	360.6	53	19111.8	90.2908
417	0	2218	89.6	58.8	5268.48	90.3804
418	0	2217	82.3	52.7	4337.21	90.4627
419	0	2216	120.7	58.8	7097.16	90.5834
420	0	2215	103.9	53	5506.7	90.6873
421	0	2214	117.7	60.4	7109.08	90.805
422	0	2213	77.4	37.2	2879.28	90.8824
423	0	2212	511.5	0	0	91.3939
424	0	2211	121.6	68.6	8341.76	91.5155
425	0	2210	201.5	45.4	9148.1	91.717
426	0	2209	198.7	29.3	5821.91	91.9157
427	0	2208	480.7	65.8	31630.06	92.3964
428	0	2207	74.7	55.5	4145.85	92.4711
429	0	2206	180.1	49.7	8950.97	92.6512
430	0	2205	94.5	43.9	4148.55	92.7457
431	0	2204	75.6	42.4	3205.44	92.8213
432	0	2203	114.3	43.3	4949.19	92.9356
433	0	2202	77.4	65.2	5046.48	93.013
434	0	2201	285	29.9	8521.5	93.298
435	0	2200	247.8	75.3	18659.34	93.5458
436	0	2199	186.2	54.3	10110.66	93.732
437	0	2198	92.1	56.4	5194.44	93.8241
438	0	2197	64	32.6	2086.4	93.8881
439	0	2196	411.5	100.9	41520.35	94.2996
440	0	2195	158.5	69.8	11063.3	94.4581
441	0	2194	700.7	57	39939.9	95.1588
442	0	2193	288.6	66.8	19278.48	95.4474
443	0	2192	1113.8	61	67941.8	96.5612
444	0	2191	154.8	55.2	8544.96	96.716
445	0	2190	169.2	66.4	11234.88	96.8852
446	0	2189	75.3	24.1	1814.73	96.9605
447	0	2188	184.4	24.7	4554.68	97.1449
448	0	2187	88.7	63.1	5596.97	97.2336
449	0	2186	991.8	0	0	98.2254
450	0	2185	116.1	110.6	12840.66	98.3415
451	0	2184	580.3	46.6	27041.98	98.9218
452	0	2183	139.9	39.3	5498.07	99.0617
453	0	2182	454.5	67.7	30769.65	99.5162
454	0	2181	74.7	83.2	6215.04	99.5909
455	0	2180	493.8	46	22714.8	100.0847
456	0	2179	106.7	0	0	100.1914
457	0	2178	154.8	58.5	9055.8	100.3462
458	0	2177	256	33.5	8576	100.6022
459	0	2176	148.4	63.1	9364.04	100.7506
460	0	2175	29	68.6	1989.4	100.7796
461	0	2174	84.4	0	0	100.864
462	0	2173	474.9	66.1	31390.89	101.3389
463	0	2172	75	86.6	6495	101.4139
464	0	2171	104.9	75.6	7930.44	101.5188
465	0	2170	132.6	58.2	7717.32	101.6514
466	0	2169	262.1	36.3	9514.23	101.9135
467	0	2168	53.3	0	0	101.9668
468	0	2167	865	36.9	31918.5	102.8318
469	0	2166	582.8	28.3	16493.24	103.4146
470	0	2165	258.8	26.5	6858.2	103.6734
471	0	2164	120.4	25.6	3082.24	103.7938
472	0	2163	120.4	43.6	5249.44	103.9142
473	0	2162	92.4	32.3	2984.52	104.0066
474	0	2161	97.5	29.6	2886	104.1041
475	0	2160	153	25	3825	104.2571
476	0	2159	221.3	37.8	8365.14	104.4784
477	0	2158	50.3	25	1257.5	104.5287
478	0	2157	76.8	28.3	2173.44	104.6055
479	0	2156	101.8	34.7	3532.46	104.7073
480	0	2155	95.4	24.7	2356.38	104.8027
481	0	2154	204.8	50	10240	105.0075
482	0	2153	64	29	1856	105.0715
483	0	2152	92.7	32.6	3022.02	105.1642
484	0	2151	79.2	46.6	3690.72	105.2434
485	0	2150	303.6	72.5	22011	105.547
486	0	2149	51.2	21.9	1121.28	105.5982
487	0	2148	60	38.1	2286	105.6582
488	0	2147	226.8	54.3	12315.24	105.885
489	0	2146	55.5	39.6	2197.8	105.9405
490	0	2145	85.3	60	5118	106.0258
491	0	2144	137.2	37.8	5186.16	106.163
492	0	2143	51.5	21	1081.5	106.2145
493	0	2142	93.9	45.1	4234.89	106.3084
494	0	2141	64.3	36.6	2353.38	106.3727
495	0	2140	135	42.4	5724	106.5077
496	0	2139	324.6	42.1	13665.66	106.8323
497	0	2138	88.4	29.9	2643.16	106.9207
498	0	2137	80.8	71.6	5785.28	107.0015
499	0	2136	229.2	49.1	11253.72	107.2307
500	0	2135	51.5	23.8	1225.7	107.2822
501	0	2134	62.2	17.7	1100.94	107.3444
502	0	2133	54.6	50.6	2762.76	107.399
503	0	2132	125.6	83.2	10449.92	107.5246
504	0	2131	63.4	24.4	1546.96	107.588
505	0	2130	221	48.2	10652.2	107.809
506	0	2129	73.2	41.5	3037.8	107.8822
507	0	2128	217	43.3	9396.1	108.0992
508	0	2127	70.1	47.5	3329.75	108.1693
509	0	2126	220.7	43.9	9688.73	108.39
510	0	2125	220.1	26.2	5766.62	108.6101
511	0	2124	53.6	58.5	3135.6	108.6637
512	0	2123	410.3	50.6	20761.18	109.074
513	0	2122	18	38.1	685.8	109.092
514	0	2121	162.2	58.5	9488.7	109.2542
515	0	2120	192	25.3	4857.6	109.4462
516	0	2119	355.7	43.9	15615.23	109.8019
517	0	2118	25.6	56.1	1436.16	109.8275
518	0	2117	116.7	45.7	5333.19	109.9442
519	0	2116	584.3	43.9	25650.77	110.5285
520	0	2115	93.3	34.1	3181.53	110.6218
521	0	2114	76.5	0	0	110.6983
522	0	2113	654.4	78.9	51632.16	111.3527
523	0	2112	90.2	35.1	3166.02	111.4429
524	0	2111	1082.7	46.9	50778.63	112.5256
525	0	2110	114.6	39	4469.4	112.6402
526	0	2109	386.2	46	17765.2	113.0264
527	0	2108	310.9	40.5	12591.45	113.3373
528	0	2107	63.4	47.5	3011.5	113.4007
529	0	2106	229.8	36	8272.8	113.6305
530	0	2105	64	31.4	2009.6	113.6945
531	0	2104	103	21.9	2255.7	113.7975
532	0	2103	686.1	48.5	33275.85	114.4836
533	0	2102	34.1	36.6	1248.06	114.5177
534	0	2101	43.6	0	0	114.5613
535	0	2100	34.1	36.6	1248.06	114.5954
536	0	2099	482.5	39.6	19107	115.0779
537	0	2098	105.2	29.9	3145.48	115.1831
538	0	2097	224	39	8736	115.4071
539	0	2096	1390.8	38.7	53823.96	116.7979
540	0	2095	112.5	26.8	3015	116.9104
541	0	2094	108.2	36	3895.2	117.0186
542	0	2093	71.6	61	4367.6	117.0902
543	0	2092	185.9	0	0	117.2761
544	0	2091	42.1	47.2	1987.12	117.3182
545	0	2090	71.3	94.5	6737.85	117.3895
546	0	2089	465.7	38.7	18022.59	117.8552
547	0	2088	72.2	47.5	3429.5	117.9274
548	0	2087	36.6	89.6	3279.36	117.964
549	0	2086	61	87.2	5319.2	118.025
550	0	2085	234.7	37.8	8871.66	118.2597
551	0	2084	298.4	41.1	12264.24	118.5581
552	0	2083	621.8	47.9	29784.22	119.1799
553	0	2082	107.9	31.1	3355.69	119.2878
554	0	2081	150.6	26.8	4036.08	119.4384
555	0	2080	143.9	48.8	7022.32	119.5823
556	0	2079	167.9	66.1	11098.19	119.7502
557	0	2078	118	40.8	4814.4	119.8682
558	0	2077	64.3	85	5465.5	119.9325
559	0	2076	224.6	71.6	16081.36	120.1571
560	0	2075	65.8	67.1	4415.18	120.2229
561	0	2074	284.7	41.1	11701.17	120.5076
562	0	2073	98.5	36.6	3605.1	120.6061
563	0	2072	654.4	0	0	121.2605
564	0	2071	565.4	0	0	121.8259
565	0	2070	442	44.8	19801.6	122.2679
566	0	2069	116.7	68.6	8005.62	122.3846
567	0	2068	80.2	68.6	5501.72	122.4648
568	0	2067	418.2	0	0	122.883
569	0	2066	165.8	47.2	7825.76	123.0488
570	0	2065	64.3	46	2957.8	123.1131
571	0	2064	346.3	69.8	24171.74	123.4594
572	0	2063	114	44.5	5073	123.5734
573	0	2062	140.2	83.2	11664.64	123.7136
574	0	2061	316.1	63.7	20135.57	124.0297
575	0	2060	473.1	47.2	22330.32	124.5028
576	0	2059	349	0	0	124.8518
577	0	2058	406.6	47.9	19476.14	125.2584
578	0	2057	132.3	31.4	4154.22	125.3907
579	0	2056	480.7	74.1	35619.87	125.8714
580	0	2055	68.9	76.2	5250.18	125.9403
581	0	2054	212.1	54.6	11580.66	126.1524
582	0	2053	96.9	30.5	2955.45	126.2493
583	0	2052	133.5	30.2	4031.7	126.3828
584	0	2051	138.4	27.1	3750.64	126.5212
585	0	2050	434	73.8	32029.2	126.9552
586	0	2049	94.8	89	8437.2	127.05
587	0	2048	988.5	68.9	68107.65	128.0385
588	0	2047	73.8	33.8	2494.44	128.1123
589	0	2046	27.1	61.9	1677.49	128.1394
590	0	2045	68.6	61.9	4246.34	128.208
591	0	2044	162.8	0	0	128.3708
592	0	2043	225.9	91.4	20647.26	128.5967
593	0	2042	33.5	52.7	1765.45	128.6302
594	0	2041	142.3	40.2	5720.46	128.7725
595	0	2040	145.1	69.2	10040.92	128.9176
596	0	2039	84.1	42.4	3565.84	129.0017
597	0	2038	146	44.5	6497	129.1477
598	0	2037	100.9	38.4	3874.56	129.2486
599	0	2036	35.1	26.5	930.15	129.2837
600	0	2035	106.7	46.6	4972.22	129.3904
601	0	2034	209.7	53.9	11302.83	129.6001
602	0	2033	82.9	41.1	3407.19	129.683
603	0	2032	73.8	48.5	3579.3	129.7568
604	0	2031	101.5	44.8	4547.2	129.8583
605	0	2030	111.6	66.4	7410.24	129.9699
606	0	2029	247.8	48.2	11943.96	130.2177
607	0	2028	106.1	35.4	3755.94	130.3238
608	0	2027	65.5	33.8	2213.9	130.3893
609	0	2026	125.3	29.3	3671.29	130.5146
610	0	2025	64	41.8	2675.2	130.5786
611	0	2024	44.5	25.9	1152.55	130.6231
612	0	2023	68	29	1972	130.6911
613	0	2022	48.2	28.7	1383.34	130.7393
614	0	2021	54	25.3	1366.2	130.7933
615	0	2020	144.5	49.1	7094.95	130.9378
616	0	2019	324	79.2	25660.8	131.2618
617	0	2018	217.6	66.4	14448.64	131.4794
618	0	2017	82.3	0	0	131.5617
619	0	2016	419.4	67.1	28141.74	131.9811
620	0	2015	82.9	65.5	5429.95	132.064
621	0	2014	277.1	43.9	12164.69	132.3411
622	0	2013	110.3	25.9	2856.77	132.4514
623	0	2012	167.6	37.5	6285	132.619
624	0	2011	210.9	69.8	14720.82	132.8299
625	0	2010	145.7	68	9907.6	132.9756
626	0	2009	358.8	55.8	20021.04	133.3344
627	0	2008	107.6	83.2	8952.32	133.442
628	0	2007	143.3	35.4	5072.82	133.5853
629	0	2006	28.7	46.3	1328.81	133.614
630	0	2005	82.9	0	0	133.6969
631	0	2004	30.5	57	1738.5	133.7274
632	0	2003	133.5	70.1	9358.35	133.8609
633	0	2002	103.3	42.7	4410.91	133.9642
634	0	2001	204.5	0	0	134.1687
635	0	2000	338.9	59.7	20232.33	134.5076
636	0	1999	77.1	48.2	3716.22	134.5847
637	0	1998	714.2	62.2	44423.24	135.2989
638	0	1997	123.4	58.8	7255.92	135.4223
639	0	1996	262.1	53.3	13969.93	135.6844
640	0	1995	201.5	56.4	11364.6	135.8859
641	0	1994	414.2	49.4	20461.48	136.3001
642	0	1993	155.1	27.7	4296.27	136.4552
643	0	1992	294.7	59.1	17416.77	136.7499
644	0	1991	102.4	77.1	7895.04	136.8523
645	0	1990	186.2	61.6	11469.92	137.0385
646	0	1989	154.5	32.3	4990.35	137.193
647	0	1988	298.1	47.2	14070.32	137.4911
648	0	1987	124.7	0	0	137.6158
649	0	1986	89.9	29	2607.1	137.7057
650	0	1985	73.8	51.5	3800.7	137.7795
651	0	1984	167.6	39.3	6586.68	137.9471
652	0	1983	96.3	33.8	3254.94	138.0434
653	0	1982	93	47.2	4389.6	138.1364
654	0	1981	102.7	57.3	5884.71	138.2391
655	0	1980	299.9	25.3	7587.47	138.539
656	0	1979	99.7	21.9	2183.43	138.6387
657	0	1978	99.1	46	4558.6	138.7378
658	0	1977	193.6	50	9680	138.9314
659	0	1976	229.5	46	10557	139.1609
660	0	1975	225.9	37.8	8539.02	139.3868
661	0	1974	255.7	54.6	13961.22	139.6425
662	0	1973	55.8	40.2	2243.16	139.6983
663	0	1972	296	45.7	13527.2	139.9943
664	0	1971	54.9	45.1	2475.99	140.0492
665	0	1970	101.8	24.1	2453.38	140.151
666	0	1969	138.1	49.7	6863.57	140.2891
667	0	1968	85.6	31.7	2713.52	140.3747
668	0	1967	213.4	0	0	140.5881
669	0	1966	125.9	42.7	5375.93	140.714
670	0	1965	189.6	25.9	4910.64	140.9036
671	0	1964	117	50	5850	141.0206
672	0	1963	76.8	32.6	2503.68	141.0974
673	0	1962	51.2	0	0	141.1486
674	0	1961	67.1	54.6	3663.66	141.2157
675	0	1960	307.2	55.8	17141.76	141.5229
676	0	1959	99.1	57.3	5678.43	141.622
677	0	1958	76.8	55.5	4262.4	141.6988
678	0	1957	343.5	45.1	15491.85	142.0423
679	0	1956	122.2	25.3	3091.66	142.1645
680	0	1955	90.8	0	0	142.2553
681	0	1954	143.6	83.5	11990.6	142.3989
682	0	1953	113.1	67.1	7589.01	142.512
683	0	1952	55.5	0	0	142.5675
684	0	1951	36	43.3	1558.8	142.6035
685	0	1950	165.5	47.5	7861.25	142.769
686	0	1949	267.6	46.9	12550.44	143.0366
687	0	1948	223.4	26.5	5920.1	143.26
688	0	1947	95.1	22.3	2120.73	143.3551
689	0	1946	373.4	49.4	18445.96	143.7285
690	0	1945	54.9	28	1537.2	143.7834
691	0	1944	54.9	48.5	2662.65	143.8383
692	0	1943	36	28	1008	143.8743
693	0	1942	50.3	47.2	2374.16	143.9246
694	0	1941	91.1	51.8	4718.98	144.0157
695	0	1940	264.6	60	15876	144.2803
696	0	1939	112.8	60.7	6846.96	144.3931
697	0	1938	453.2	52.4	23747.68	144.8463
698	0	1937	95.1	62.2	5915.22	144.9414
699	0	1936	93.6	43.3	4052.88	145.035
700	0	1935	75.6	29.9	2260.44	145.1106
701	0	1934	129.5	47.9	6203.05	145.2401
702	0	1933	192	36.9	7084.8	145.4321
703	0	1932	109.7	67.1	7360.87	145.5418
704	0	1931	196.3	70.4	13819.52	145.7381
705	0	1930	147.2	120.4	17722.88	145.8853
706	0	1929	499	76.5	38173.5	146.3843
707	0	1928	931.5	30.5	28410.75	147.3158
708	0	1927	118.6	38.1	4518.66	147.4344
709	0	1926	452.9	42.1	19067.09	147.8873
710	0	1925	81.7	34.7	2834.99	147.969
711	0	1924	107.3	33.2	3562.36	148.0763
712	0	1923	309.1	38.4	11869.44	148.3854
713	0	1922	133.8	20.1	2689.38	148.5192
714	0	1921	93	37.2	3459.6	148.6122
715	0	1920	37.8	23.5	888.3	148.65
716	0	1919	61.6	39.3	2420.88	148.7116
717	0	1918	128.3	59.4	7621.02	148.8399
718	0	1917	93	31.7	2948.1	148.9329
719	0	1916	50.3	47.5	2389.25	148.9832
720	0	1915	44.2	0	0	149.0274
721	0	1914	69.5	45.7	3176.15	149.0969
722	0	1913	144.2	40.2	5796.84	149.2411
723	0	1912	313.3	50	15665	149.5544
724	0	1911	81.1	43	3487.3	149.6355
725	0	1910	201.8	32.9	6639.22	149.8373
726	0	1909	61.9	30.8	1906.52	149.8992
727	0	1908	52.1	21	1094.1	149.9513
728	0	1907	48.8	46.3	2259.44	150.0001
729	0	1906	52.1	29.3	1526.53	150.0522
730	0	1905	127.7	39.3	5018.61	150.1799
731	0	1904	108.8	40.8	4439.04	150.2887
732	0	1903	128.6	67.7	8706.22	150.4173
733	0	1902	758.4	36	27302.4	151.1757
734	0	1901	108.5	29	3146.5	151.2842
735	0	1900	492.6	39.9	19654.74	151.7768
736	0	1899	76.5	23.8	1820.7	151.8533
737	0	1898	112.2	55.5	6227.1	151.9655
738	0	1897	145.7	35.7	5201.49	152.1112
739	0	1896	63.7	35.1	2235.87	152.1749
740	0	1895	164.6	47.2	7769.12	152.3395
741	0	1894	609.9	30.2	18418.98	152.9494
742	0	1893	160.3	39.6	6347.88	153.1097
743	0	1892	71.3	53	3778.9	153.181
744	0	1891	164	46	7544	153.345
745	0	1890	300.5	37.5	11268.75	153.6455
746	0	1889	335.9	37.5	12596.25	153.9814
747	0	1888	75.9	37.2	2823.48	154.0573
748	0	1887	180.1	29	5222.9	154.2374
749	0	1886	100.3	30.2	3029.06	154.3377
750	0	1885	179.8	53.3	9583.34	154.5175
751	0	1884	96.3	47.2	4545.36	154.6138
752	0	1883	206	29	5974	154.8198
753	0	1882	177.1	32.3	5720.33	154.9969
754	0	1881	406.6	61	24802.6	155.4035
755	0	1880	259.7	57.9	15036.63	155.6632
756	0	1879	84.4	53	4473.2	155.7476
757	0	1878	68.6	59.7	4095.42	155.8162
758	0	1877	138.4	59.1	8179.44	155.9546
759	0	1876	246.3	33.5	8251.05	156.2009
760	0	1875	38.1	25.9	986.79	156.239
761	0	1874	82.9	29.9	2478.71	156.3219
762	0	1873	80.8	48.2	3894.56	156.4027
763	0	1872	82	44.5	3649	156.4847
764	0	1871	144.2	43.9	6330.38	156.6289
765	0	1870	48.5	33.5	1624.75	156.6774
766	0	1869	186.8	58.8	10983.84	156.8642
767	0	1868	1813	85.6	155192.8	158.6772
768	0	1867	73.2	42.1	3081.72	158.7504
769	0	1866	296.9	55.8	16567.02	159.0473
770	0	1865	113.1	28.7	3245.97	159.1604
771	0	1864	443.8	45.4	20148.52	159.6042
772	0	1863	91.4	36.3	3317.82	159.6956
773	0	1862	398.4	53.3	21234.72	160.094
774	0	1861	104.9	33.5	3514.15	160.1989
775	0	1860	226.8	35.7	8096.76	160.4257
776	0	1859	100.3	42.7	4282.81	160.526
777	0	1858	90.2	34.1	3075.82	160.6162
778	0	1857	140.2	47.2	6617.44	160.7564
779	0	1856	106.7	49.7	5302.99	160.8631
780	0	1855	140.2	62.2	8720.44	161.0033
781	0	1854	187.5	48.8	9150	161.1908
782	0	1853	227.4	43.3	9846.42	161.4182
783	0	1852	323.1	32.9	10629.99	161.7413
784	0	1851	68.6	25.9	1776.74	161.8099
785	0	1850	56.1	23.2	1301.52	161.866
786	0	1849	224.6	29.3	6580.78	162.0906
787	0	1848	135	23.8	3213	162.2256
788	0	1847	100.3	25.6	2567.68	162.3259
789	0	1846	710.8	33.5	23811.8	163.0367
790	0	1845	185.9	21.9	4071.21	163.2226
791	0	1844	387.1	32.9	12735.59	163.6097
792	0	1843	42.1	0	0	163.6518
793	0	1842	131.7	28	3687.6	163.7835
794	0	1841	168.9	28.7	4847.43	163.9524
795	0	1840	77.7	23.8	1849.26	164.0301
796	0	1839	57	27.1	1544.7	164.0871
797	0	1838	133.2	25	3330	164.2203
798	0	1837	534.9	36.3	19416.87	164.7552
799	0	1836	73.2	31.7	2320.44	164.8284
800	0	1835	111.6	37.5	4185	164.94
801	0	1834	50.6	25	1265	164.9906
802	0	1833	260.9	48.2	12575.38	165.2515
803	0	1832	64.6	47.5	3068.5	165.3161
804	0	1831	133.5	25	3337.5	165.4496
805	0	1830	61	24.4	1488.4	165.5106
806	0	1829	1002.2	26.8	26858.96	166.5128
807	0	1828	153.9	33.2	5109.48	166.6667
808	0	1827	100.6	13.7	1378.22	166.7673
809	0	1826	108.2	31.7	3429.94	166.8755
810	0	1825	46	25.3	1163.8	166.9215
811	0	1824	55.2	25.9	1429.68	166.9767
812	0	1823	129.5	22.9	2965.55	167.1062
813	0	1822	137.2	27.1	3718.12	167.2434
814	0	1821	68.6	36.6	2510.76	167.312
815	0	1820	192.3	32	6153.6	167.5043
816	0	1819	147.5	38.1	5619.75	167.6518
817	0	1818	328.3	27.7	9093.91	167.9801
818	0	1817	113.4	26.2	2971.08	168.0935
819	0	1816	232.3	19.5	4529.85	168.3258
820	0	1815	166.1	50.9	8454.49	168.4919
821	0	1814	58.2	33.5	1949.7	168.5501
822	0	1813	190.8	35.1	6697.08	168.7409
823	0	1812	44.5	28	1246	168.7854
824	0	1811	48.5	29.3	1421.05	168.8339
825	0	1810	118.9	42.7	5077.03	168.9528
826	0	1809	159.4	25.6	4080.64	169.1122
827	0	1808	152.4	39.3	5989.32	169.2646
828	0	1807	91.4	31.4	2869.96	169.356
829	0	1806	218.2	39.3	8575.26	169.5742
830	0	1805	88.4	32.6	2881.84	169.6626
831	0	1804	159.4	49.7	7922.18	169.822
832	0	1803	82.9	32.9	2727.41	169.9049
833	0	1802	235.3	39.6	9317.88	170.1402
834	0	1801	154.5	28.7	4434.15	170.2947
835	0	1800	74.4	35.7	2656.08	170.3691
836	0	1799	274.9	48.5	13332.65	170.644
837	0	1798	78.6	35.7	2806.02	170.7226
838	0	1797	77.1	46.9	3615.99	170.7997
839	0	1796	338.9	27.1	9184.19	171.1386
840	0	1795	110.6	39.9	4412.94	171.2492
841	0	1794	33.2	32.9	1092.28	171.2824
842	0	1793	162.2	0	0	171.4446
843	0	1792	166.4	53.3	8869.12	171.611
844	0	1791	288.3	38.7	11157.21	171.8993
845	0	1790	473.1	0	0	172.3724
846	0	1789	66.8	39.3	2625.24	172.4392
847	0	1788	80.5	30.8	2479.4	172.5197
848	0	1787	228	80.8	18422.4	172.7477
849	0	1786	771.2	64.9	50050.88	173.5189
850	0	1785	363	31.4	11398.2	173.8819
851	0	1784	543.5	43.6	23696.6	174.4254
852	0	1783	173.1	31.7	5487.27	174.5985
853	0	1782	634.9	51.5	32697.35	175.2334
854	0	1781	172.2	43.9	7559.58	175.4056
855	0	1780	61	45.7	2787.7	175.4666
856	0	1779	81.1	0	0	175.5477
857	0	1778	224.9	75.9	17069.91	175.7726
858	0	1777	128.3	53	6799.9	175.9009
859	0	1776	119.8	51.8	6205.64	176.0207
860	0	1775	643.1	51.2	32926.72	176.6638
861	0	1774	216.4	47.9	10365.56	176.8802
862	0	1773	176.2	53	9338.6	177.0564
863	0	1772	139.3	73.8	10280.34	177.1957
864	0	1771	328.3	64	21011.2	177.524
865	0	1770	159.7	70.1	11194.97	177.6837
866	0	1769	499.3	32	15977.6	178.183
867	0	1768	74.1	25.3	1874.73	178.2571
868	0	1767	244.1	31.1	7591.51	178.5012
869	0	1766	239.9	54.9	13170.51	178.7411
870	0	1765	664.8	43.6	28985.28	179.4059
871	0	1764	412.1	44.5	18338.45	179.818
872	0	1763	75.3	29	2183.7	179.8933
873	0	1762	53	75.6	4006.8	179.9463
874	0	1761	269.1	41.5	11167.65	180.2154
875	0	1760	117.7	0	0	180.3331
876	0	1759	73.2	48.8	3572.16	180.4063
877	0	1758	187.1	48.2	9018.22	180.5934
878	0	1757	137.2	56.4	7738.08	180.7306
879	0	1756	547.4	0	0	181.278
880	0	1755	363.6	44.8	16289.28	181.6416
881	0	1754	275.2	46.3	12741.76	181.9168
882	0	1753	107	62.5	6687.5	182.0238
883	0	1752	76.5	75.6	5783.4	182.1003
884	0	1751	255.1	67.7	17270.27	182.3554
885	0	1750	118.9	48.8	5802.32	182.4743
886	0	1749	91.4	39	3564.6	182.5657
887	0	1748	160.3	28	4488.4	182.726
888	0	1747	271.9	36.3	9869.97	182.9979
889	0	1746	228.6	50.9	11635.74	183.2265
890	0	1745	98.1	46.6	4571.46	183.3246
891	0	1744	160	53	8480	183.4846
892	0	1743	99.7	52.4	5224.28	183.5843
893	0	1742	96	49.7	4771.2	183.6803
894	0	1741	153.3	66.8	10240.44	183.8336
895	0	1740	426.1	45.1	19217.11	184.2597
896	0	1739	59.7	21.3	1271.61	184.3194
897	0	1738	86.3	40.5	3495.15	184.4057
898	0	1737	114.3	79.9	9132.57	184.52
899	0	1736	130.5	78.6	10257.3	184.6505
900	0	1735	339.9	68	23113.2	184.9904
901	0	1734	106.7	40.8	4353.36	185.0971
902	0	1733	138.1	0	0	185.2352
903	0	1732	118.9	39	4637.1	185.3541
904	0	1731	129.5	78.6	10178.7	185.4836
905	0	1730	126.5	76.2	9639.3	185.6101
906	0	1729	44.5	39.9	1775.55	185.6546
907	0	1728	154.2	89.9	13862.58	185.8088
908	0	1727	125.9	0	0	185.9347
909	0	1726	121.9	53.3	6497.27	186.0566
910	0	1725	143.6	75.3	10813.08	186.2002
911	0	1724	192.9	54.6	10532.34	186.3931
912	0	1723	76.2	82.3	6271.26	186.4693
913	0	1722	67.7	66.4	4495.28	186.537
914	0	1721	225.6	61.3	13829.28	186.7626
915	0	1720	104.2	81.1	8450.62	186.8668
916	0	1719	105.2	0	0	186.972
917	0	1718	356	29.9	10644.4	187.328
918	0	1717	90.2	0	0	187.4182
919	0	1716	245.1	56.4	13823.64	187.6633
920	0	1715	153.9	0	0	187.8172
921	0	1714	134.1	56.1	7523.01	187.9513
922	0	1713	220.7	59.4	13109.58	188.172
923	0	1712	95.7	50	4785	188.2677
924	0	1711	257.3	40.8	10497.84	188.525
925	0	1710	821.4	51.2	42055.68	189.3464
926	0	1709	221	0	0	189.5674
927	0	1708	837.6	43.9	36770.64	190.405
928	0	1707	104.2	48.2	5022.44	190.5092
929	0	1706	59.4	45.1	2678.94	190.5686
930	0	1705	197.2	60.4	11910.88	190.7658
931	0	1704	88.7	66.8	5925.16	190.8545
932	0	1703	182.6	33.2	6062.32	191.0371
933	0	1702	97.5	36	3510	191.1346
934	0	1701	183.8	45.7	8399.66	191.3184
935	0	1700	62.2	0	0	191.3806
936	0	1699	64.9	45.4	2946.46	191.4455
937	0	1698	91.7	43.3	3970.61	191.5372
938	0	1697	160	50.3	8048	191.6972
939	0	1696	114.9	30.5	3504.45	191.8121
940	0	1695	378	32.9	12436.2	192.1901
941	0	1694	52.1	36.9	1922.49	192.2422
942	0	1693	64	23.8	1523.2	192.3062
943	0	1692	144.5	50.3	7268.35	192.4507
944	0	1691	98.8	29.9	2954.12	192.5495
945	0	1690	97.5	29.9	2915.25	192.647
946	0	1689	166.1	35.1	5830.11	192.8131
947	0	1688	82.3	43.6	3588.28	192.8954
948	0	1687	94.8	38.4	3640.32	192.9902
949	0	1686	52.4	37.8	1980.72	193.0426
950	0	1685	34.1	33.2	1132.12	193.0767
951	0	1684	104.5	41.5	4336.75	193.1812
952	0	1683	1149.7	28.3	32536.51	194.3309
953	0	1682	224.3	24.4	5472.92	194.5552
954	0	1681	945.8	22.6	21375.08	195.501
955	0	1680	79.6	27.1	2157.16	195.5806
956	0	1679	234.7	23.5	5515.45	195.8153
957	0	1678	83.5	20.1	1678.35	195.8988
958	0	1677	61	32	1952	195.9598
959	0	1676	51.2	22.6	1157.12	196.011
960	0	1675	85.3	37.8	3224.34	196.0963
961	0	1674	69.8	36	2512.8	196.1661
962	0	1673	91.1	29.9	2723.89	196.2572
963	0	1672	147.2	31.7	4666.24	196.4044
964	0	1671	245.7	44.2	10859.94	196.6501
965	0	1670	78	34.7	2706.6	196.7281
966	0	1669	317.6	24.7	7844.72	197.0457
967	0	1668	67.1	32	2147.2	197.1128
968	0	1667	128	16.2	2073.6	197.2408
969	0	1666	73.8	37.2	2745.36	197.3146
970	0	1665	57	25.9	1476.3	197.3716
971	0	1664	49.1	29	1423.9	197.4207
972	0	1663	83.5	27.7	2312.95	197.5042
973	0	1662	325.8	33.8	11012.04	197.83
974	0	1661	57.6	24.1	1388.16	197.8876
975	0	1660	73.8	24.1	1778.58	197.9614
976	0	1659	178.3	21.6	3851.28	198.1397
977	0	1658	89.6	31.4	2813.44	198.2293
978	0	1657	75.6	35.7	2698.92	198.3049
979	0	1656	47.2	24.4	1151.68	198.3521
980	0	1655	50.9	24.7	1257.23	198.403
981	0	1654	41.8	36.9	1542.42	198.4448
982	0	1653	44.2	39.3	1737.06	198.489
983	0	1652	152.4	36.9	5623.56	198.6414
984	0	1651	114	44.8	5107.2	198.7554
985	0	1650	104.2	50.6	5272.52	198.8596
986	0	1649	131.7	44.5	5860.65	198.9913
987	0	1648	86.3	46.9	4047.47	199.0776
988	0	1647	96.9	43.3	4195.77	199.1745
989	0	1646	54.9	49.1	2695.59	199.2294
990	0	1645	71	28.3	2009.3	199.3004
991	0	1644	117	62.8	7347.6	199.4174
992	0	1643	256.3	41.5	10636.45	199.6737
993	0	1642	184.7	0	0	199.8584
994	0	1641	353.9	61.6	21800.24	200.2123
995	0	1640	128.9	36.3	4679.07	200.3412
996	0	1639	184.7	39.3	7258.71	200.5259
997	0	1638	261.5	48.2	12604.3	200.7874
998	0	1637	155.1	50.3	7801.53	200.9425
999	0	1636	34.1	50.6	1725.46	200.9766
1000	0	1635	133.2	42.7	5687.64	201.1098
1001	0	1634	143	36	5148	201.2528
1002	0	1633	93.9	28.3	2657.37	201.3467
1003	0	1632	39.3	61.6	2420.88	201.386
1004	0	1631	40.8	53	2162.4	201.4268
1005	0	1630	234.7	38.1	8942.07	201.6615
1006	0	1629	166.7	44.5	7418.15	201.8282
1007	0	1628	103.3	54.9	5671.17	201.9315
1008	0	1627	41.8	42.1	1759.78	201.9733
1009	0	1626	275.5	42.7	11763.85	202.2488
1010	0	1625	166.7	34.1	5684.47	202.4155
1011	0	1624	387.4	25	9685	202.8029
1012	0	1623	42.7	25	1067.5	202.8456
1013	0	1622	68.3	13.7	935.71	202.9139
1014	0	1621	42.4	9.4	398.56	202.9563
1015	0	1620	37.8	12.8	483.84	202.9941
1016	0	1619	86	12.2	1049.2	203.0801
1017	0	1618	84.4	16.8	1417.92	203.1645
1018	0	1617	59.7	27.1	1617.87	203.2242
1019	0	1616	62.2	23.2	1443.04	203.2864
1020	0	1615	29.6	18.6	550.56	203.316
1021	0	1614	27.1	21.3	577.23	203.3431
1022	0	1613	33.5	23.5	787.25	203.3766
1023	0	1612	66.1	16.2	1070.82	203.4427
1024	0	1611	51.8	36.6	1895.88	203.4945
1025	0	1610	124.1	26.8	3325.88	203.6186
1026	0	1609	66.4	22.9	1520.56	203.685
1027	0	1608	61	33.5	2043.5	203.746
1028	0	1607	125	0	0	203.871
1029	0	1606	270.1	39	10533.9	204.1411
1030	0	1605	133.8	41.1	5499.18	204.2749
1031	0	1604	118.3	44.5	5264.35	204.3932
1032	0	1603	275.2	50.9	14007.68	204.6684
1033	0	1602	108.2	36.3	3927.66	204.7766
1034	0	1601	64.6	26.5	1711.9	204.8412
1035	0	1600	94.8	43.3	4104.84	204.936
1036	0	1599	54.6	21.9	1195.74	204.9906
1037	0	1598	73.2	46	3367.2	205.0638
1038	0	1597	67.1	26.8	1798.28	205.1309
1039	0	1596	70.7	16.8	1187.76	205.2016
1040	0	1595	85	18.9	1606.5	205.2866
1041	0	1594	91.4	58.2	5319.48	205.378
1042	0	1593	175.6	53.3	9359.48	205.5536
1043	0	1592	267	57	15219	205.8206
1044	0	1591	231.7	43.9	10171.63	206.0523
1045	0	1590	197.5	34.7	6853.25	206.2498
1046	0	1589	407.2	48.8	19871.36	206.657
1047	0	1588	154.5	70.1	10830.45	206.8115
1048	0	1587	292	37.5	10950	207.1035
1049	0	1586	111.9	35.4	3961.26	207.2154
1050	0	1585	105.8	42.7	4517.66	207.3212
1051	0	1584	148.7	32.6	4847.62	207.4699
1052	0	1583	202.1	20.1	4062.21	207.672
1053	0	1582	71.6	29	2076.4	207.7436
1054	0	1581	137.8	30.2	4161.56	207.8814
1055	0	1580	77.7	42.7	3317.79	207.9591
1056	0	1579	100.3	47.2	4734.16	208.0594
1057	0	1578	100.9	38.4	3874.56	208.1603
1058	0	1577	88.4	51.5	4552.6	208.2487
1059	0	1576	244.5	49.1	12004.95	208.4932
1060	0	1575	210	40.8	8568	208.7032
1061	0	1574	139	23.8	3308.2	208.8422
1062	0	1573	462.1	0	0	209.3043
1063	0	1572	116.4	32.6	3794.64	209.4207
1064	0	1571	93	30.2	2808.6	209.5137
1065	0	1570	171.6	44.2	7584.72	209.6853
1066	0	1569	286.2	49.1	14052.42	209.9715
1067	0	1568	164.6	60.7	9991.22	210.1361
1068	0	1567	138.1	52.1	7195.01	210.2742
1069	0	1566	190.5	50	9525	210.4647
1070	0	1565	145.4	50.9	7400.86	210.6101
1071	0	1564	416.7	32.9	13709.43	211.0268
1072	0	1563	103.3	31.7	3274.61	211.1301
1073	0	1562	105.5	34.1	3597.55	211.2356
1074	0	1561	495.6	43.6	21608.16	211.7312
1075	0	1560	277.7	45.7	12690.89	212.0089
1076	0	1559	488.3	25.9	12646.97	212.4972
1077	0	1558	79.6	26.5	2109.4	212.5768
1078	0	1557	144.2	0	0	212.721
1079	0	1556	229.2	39.6	9076.32	212.9502
1080	0	1555	421.2	31.4	13225.68	213.3714
1081	0	1554	28	37.8	1058.4	213.3994
1082	0	1553	82.3	52.1	4287.83	213.4817
1083	0	1552	81.7	39.6	3235.32	213.5634
1084	0	1551	297.5	0	0	213.8609
1085	0	1550	462.7	46	21284.2	214.3236
1086	0	1549	90.8	55.5	5039.4	214.4144
1087	0	1548	148.1	0	0	214.5625
1088	0	1547	408.1	54.9	22404.69	214.9706
1089	0	1546	210.3	82.3	17307.69	215.1809
1090	0	1545	118.9	0	0	215.2998
1091	0	1544	190.5	65.5	12477.75	215.4903
1092	0	1543	169.2	46	7783.2	215.6595
1093	0	1542	105.8	68.3	7226.14	215.7653
1094	0	1541	158.2	54.3	8590.26	215.9235
1095	0	1540	117.3	42.4	4973.52	216.0408
1096	0	1539	293.5	31.7	9303.95	216.3343
1097	0	1538	95.1	27.1	2577.21	216.4294
1098	0	1537	247.2	40.5	10011.6	216.6766
1099	0	1536	126.2	49.1	6196.42	216.8028
1100	0	1535	178.3	0	0	216.9811
1101	0	1534	630	43.6	27468	217.6111
1102	0	1533	76.8	33.8	2595.84	217.6879
1103	0	1532	103.6	29.9	3097.64	217.7915
1104	0	1531	242	46.9	11349.8	218.0335
1105	0	1530	175	52.7	9222.5	218.2085
1106	0	1529	151.5	61.3	9286.95	218.36
1107	0	1528	64	61	3904	218.424
1108	0	1527	204.2	72.2	14743.24	218.6282
1109	0	1526	268.2	39.3	10540.26	218.8964
1110	0	1525	70.1	38.1	2670.81	218.9665
1111	0	1524	152.4	57.6	8778.24	219.1189
1112	0	1523	378.3	30.5	11538.15	219.4972
1113	0	1522	79.2	32.3	2558.16	219.5764
1114	0	1521	82.3	52.4	4312.52	219.6587
1115	0	1520	171	34.1	5831.1	219.8297
1116	0	1519	114.3	0	0	219.944
1117	0	1518	103	27.1	2791.3	220.047
1118	0	1517	62.5	21.3	1331.25	220.1095
1119	0	1516	121	20.4	2468.4	220.2305
1120	0	1515	183.8	33.8	6212.44	220.4143
1121	0	1514	209.1	74.1	15494.31	220.6234
1122	0	1513	276.8	77.1	21341.28	220.9002
1123	0	1512	216.4	59.7	12919.08	221.1166
1124	0	1511	62.5	52.7	3293.75	221.1791
1125	0	1510	88.4	50.6	4473.04	221.2675
1126	0	1509	77.4	53.9	4171.86	221.3449
1127	0	1508	221.3	51.5	11396.95	221.5662
1128	0	1507	223.7	50.3	11252.11	221.7899
1129	0	1506	215.5	53.6	11550.8	222.0054
1130	0	1505	132.6	36.9	4892.94	222.138
1131	0	1504	100	36.6	3660	222.238
1132	0	1503	123.1	34.1	4197.71	222.3611
1133	0	1502	63.1	28	1766.8	222.4242
1134	0	1501	267	37.8	10092.6	222.6912
1135	0	1500	106.7	35.1	3745.17	222.7979
1136	0	1499	73.8	53.3	3933.54	222.8717
1137	0	1498	112.2	45.7	5127.54	222.9839
1138	0	1497	211.8	35.1	7434.18	223.1957
1139	0	1496	133.2	29.3	3902.76	223.3289
1140	0	1495	304.2	27.1	8243.82	223.6331
1141	0	1494	61.9	15.5	959.45	223.695
1142	0	1493	457.5	43.6	19947	224.1525
1143	0	1492	119.5	29.3	3501.35	224.272
1144	0	1491	113.4	36.9	4184.46	224.3854
1145	0	1490	72.2	46	3321.2	224.4576
1146	0	1489	144.8	63.1	9136.88	224.6024
1147	0	1488	70.1	0	0	224.6725
1148	0	1487	155.1	60.4	9368.04	224.8276
1149	0	1486	135.3	61	8253.3	224.9629
1150	0	1485	305.7	61.9	18922.83	225.2686
1151	0	1484	321	39.9	12807.9	225.5896
1152	0	1483	235	51.5	12102.5	225.8246
1153	0	1482	210.6	35.7	7518.42	226.0352
1154	0	1481	84.1	67.7	5693.57	226.1193
1155	0	1480	216.7	62.5	13543.75	226.336
1156	0	1479	72.8	54.3	3953.04	226.4088
1157	0	1478	102.4	36	3686.4	226.5112
1158	0	1477	181.4	45.7	8289.98	226.6926
1159	0	1476	182.9	36.6	6694.14	226.8755
1160	0	1475	91.4	52.7	4816.78	226.9669
1161	0	1474	109.4	46	5032.4	227.0763
1162	0	1473	135.3	43	5817.9	227.2116
1163	0	1472	51.5	28.3	1457.45	227.2631
1164	0	1471	139.6	54.9	7664.04	227.4027
1165	0	1470	127.4	62.8	8000.72	227.5301
1166	0	1469	352	54.3	19113.6	227.8821
1167	0	1468	91.4	54.9	5017.86	227.9735
1168	0	1467	404.5	51.5	20831.75	228.378
1169	0	1466	54.6	36.3	1981.98	228.4326
1170	0	1465	54.9	43.3	2377.17	228.4875
1171	0	1464	197.5	35.4	6991.5	228.685
1172	0	1463	63.4	0	0	228.7484
1173	0	1462	260.3	0	0	229.0087
1174	0	1461	287.7	46.3	13320.51	229.2964
1175	0	1460	92.4	41.1	3797.64	229.3888
1176	0	1459	118	0	0	229.5068
1177	0	1458	134.1	33.2	4452.12	229.6409
1178	0	1457	233.8	38.4	8977.92	229.8747
1179	0	1456	241.1	40.2	9692.22	230.1158
1180	0	1455	192	29.3	5625.6	230.3078
1181	0	1454	121.9	20.4	2486.76	230.4297
1182	0	1453	177.7	45.7	8120.89	230.6074
1183	0	1452	131.1	40.5	5309.55	230.7385
1184	0	1451	77.4	64	4953.6	230.8159
1185	0	1450	100.3	38.1	3821.43	230.9162
1186	0	1449	140.2	0	0	231.0564
1187	0	1448	198.1	36.9	7309.89	231.2545
1188	0	1447	192.3	0	0	231.4468
1189	0	1446	82.3	53.3	4386.59	231.5291
1190	0	1445	141.1	58.5	8254.35	231.6702
1191	0	1444	167.9	76.2	12793.98	231.8381
1192	0	1443	180.4	48.5	8749.4	232.0185
1193	0	1442	89	35.7	3177.3	232.1075
1194	0	1441	70.4	0	0	232.1779
1195	0	1440	128.6	42.4	5452.64	232.3065
1196	0	1439	150.3	72.8	10941.84	232.4568
1197	0	1438	143.3	60.4	8655.32	232.6001
1198	0	1437	83.2	59.4	4942.08	232.6833
1199	0	1436	168.9	36	6080.4	232.8522
1200	0	1435	93.3	35.4	3302.82	232.9455
1201	0	1434	130.8	38.4	5022.72	233.0763
1202	0	1433	86.9	32.3	2806.87	233.1632
1203	0	1432	253.6	29	7354.4	233.4168
1204	0	1431	112.8	34.4	3880.32	233.5296
1205	0	1430	186.5	25.3	4718.45	233.7161
1206	0	1429	112.8	13.7	1545.36	233.8289
1207	0	1428	153.3	33.8	5181.54	233.9822
1208	0	1427	152.4	45.7	6964.68	234.1346
1209	0	1426	234.1	0	0	234.3687
1210	0	1425	91.4	36.3	3317.82	234.4601
1211	0	1424	76.2	32.3	2461.26	234.5363
1212	0	1423	281.6	31.1	8757.76	234.8179
1213	0	1422	57.6	29	1670.4	234.8755
1214	0	1421	104.2	43	4480.6	234.9797
1215	0	1420	45.7	51.2	2339.84	235.0254
1216	0	1419	165.5	66.8	11055.4	235.1909
1217	0	1418	28	35.1	982.8	235.2189
1218	0	1417	165.5	0	0	235.3844
1219	0	1416	51.8	43	2227.4	235.4362
1220	0	1415	443.8	45.1	20015.38	235.88
1221	0	1414	78.9	30.2	2382.78	235.9589
1222	0	1413	126.5	0	0	236.0854
1223	0	1412	443.8	45.1	20015.38	236.5292
1224	0	1411	78.9	30.2	2382.78	236.6081
1225	0	1410	103	0	0	236.7111
1226	0	1409	330.4	38.4	12687.36	237.0415
1227	0	1408	132.9	33.8	4492.02	237.1744
1228	0	1407	115.8	37.8	4377.24	237.2902
1229	0	1406	157	27.1	4254.7	237.4472
1230	0	1405	62.5	28.7	1793.75	237.5097
1231	0	1404	82.3	28.7	2362.01	237.592
1232	0	1403	155.4	50	7770	237.7474
1233	0	1402	127.4	36.3	4624.62	237.8748
1234	0	1401	171.3	47.9	8205.27	238.0461
1235	0	1400	222.2	33.5	7443.7	238.2683
1236	0	1399	114.3	36.9	4217.67	238.3826
1237	0	1398	54	42.4	2289.6	238.4366
1238	0	1397	110.9	26.2	2905.58	238.5475
1239	0	1396	153.6	0	0	238.7011
1240	0	1395	321.6	33.2	10677.12	239.0227
1241	0	1394	407.5	0	0	239.4302
1242	0	1393	76.2	45.1	3436.62	239.5064
1243	0	1392	74.4	42.4	3154.56	239.5808
1244	0	1391	138.4	33.5	4636.4	239.7192
1245	0	1390	195.4	51.2	10004.48	239.9146
1246	0	1389	197.2	36.9	7276.68	240.1118
1247	0	1388	253.3	41.8	10587.94	240.3651
1248	0	1387	309.7	41.8	12945.46	240.6748
1249	0	1386	280.1	0	0	240.9549
1250	0	1385	103.9	41.8	4343.02	241.0588
1251	0	1384	148.4	33.2	4926.88	241.2072
1252	0	1383	310	42.4	13144	241.5172
1253	0	1382	158.5	37.5	5943.75	241.6757
1254	0	1381	123.4	29.3	3615.62	241.7991
1255	0	1380	118.9	44.5	5291.05	241.918
1256	0	1379	147.8	40.8	6030.24	242.0658
1257	0	1378	100.9	45.1	4550.59	242.1667
1258	0	1377	187.5	43.6	8175	242.3542
1259	0	1376	323.1	25.6	8271.36	242.6773
1260	0	1375	462.1	43.9	20286.19	243.1394
1261	0	1374	47.9	29.9	1432.21	243.1873
1262	0	1373	73.2	25	1830	243.2605
1263	0	1372	32	32.6	1043.2	243.2925
1264	0	1371	108.2	34.1	3689.62	243.4007
1265	0	1370	53.3	32	1705.6	243.454
1266	0	1369	43.3	25.3	1095.49	243.4973
1267	0	1368	349	36.9	12878.1	243.8463
1268	0	1367	115.8	42.1	4875.18	243.9621
1269	0	1366	164.9	50.6	8343.94	244.127
1270	0	1365	310	52.4	16244	244.437
1271	0	1364	135.3	70.1	9484.53	244.5723
1272	0	1363	35.7	24.4	871.08	244.608
1273	0	1362	59.1	0	0	244.6671
1274	0	1361	166.4	53.6	8919.04	244.8335
1275	0	1360	128.9	59.7	7695.33	244.9624
1276	0	1359	187.8	51.8	9728.04	245.1502
1277	0	1358	160.9	36.6	5888.94	245.3111
1278	0	1357	73.5	0	0	245.3846
1279	0	1356	54.9	46.9	2574.81	245.4395
1280	0	1355	94.5	41.1	3883.95	245.534
1281	0	1354	397.5	33.2	13197	245.9315
1282	0	1353	79.9	29.6	2365.04	246.0114
1283	0	1352	111.3	26.8	2982.84	246.1227
1284	0	1351	231.7	0	0	246.3544
1285	0	1350	237.1	39	9246.9	246.5915
1286	0	1349	53	35.4	1876.2	246.6445
1287	0	1348	69.8	36	2512.8	246.7143
1288	0	1347	79.2	36.6	2898.72	246.7935
1289	0	1346	100.3	42.4	4252.72	246.8938
1290	0	1345	157.9	50.6	7989.74	247.0517
1291	0	1344	152.1	53	8061.3	247.2038
1292	0	1343	69.8	43	3001.4	247.2736
1293	0	1342	212.1	41.8	8865.78	247.4857
1294	0	1341	134.1	45.7	6128.37	247.6198
1295	0	1340	208.8	41.1	8581.68	247.8286
1296	0	1339	231	27.4	6329.4	248.0596
1297	0	1338	114.9	34.4	3952.56	248.1745
1298	0	1337	118.6	59.1	7009.26	248.2931
1299	0	1336	536.1	0	0	248.8292
1300	0	1335	85.3	49.7	4239.41	248.9145
1301	0	1334	143.9	61	8777.9	249.0584
1302	0	1333	524.3	37.2	19503.96	249.5827
1303	0	1332	193.9	26.5	5138.35	249.7766
1304	0	1331	128	23.5	3008	249.9046
1305	0	1330	104.5	26.5	2769.25	250.0091
1306	0	1329	45.7	22.3	1019.11	250.0548
1307	0	1328	438.3	34.4	15077.52	250.4931
1308	0	1327	110.6	35.1	3882.06	250.6037
1309	0	1326	50	30.8	1540	250.6537
1310	0	1325	74.7	34.1	2547.27	250.7284
1311	0	1324	128.9	43.3	5581.37	250.8573
1312	0	1323	203.3	43	8741.9	251.0606
1313	0	1322	170.7	44.5	7596.15	251.2313
1314	0	1321	125	41.5	5187.5	251.3563
1315	0	1320	145.4	35.1	5103.54	251.5017
1316	0	1319	192.3	29	5576.7	251.694
1317	0	1318	94.8	39.6	3754.08	251.7888
1318	0	1317	90.2	39.6	3571.92	251.879
1319	0	1316	269.8	39.3	10603.14	252.1488
1320	0	1315	244.8	34.1	8347.68	252.3936
1321	0	1314	84.7	25.9	2193.73	252.4783
1322	0	1313	87.5	36.9	3228.75	252.5658
1323	0	1312	178.3	32.3	5759.09	252.7441
1324	0	1311	171.3	46	7879.8	252.9154
1325	0	1310	68.6	27.1	1859.06	252.984
1326	0	1309	61	36.6	2232.6	253.045
1327	0	1308	71.6	27.7	1983.32	253.1166
1328	0	1307	145.7	41.5	6046.55	253.2623
1329	0	1306	153	0	0	253.4153
1330	0	1305	25.6	50	1280	253.4409
1331	0	1304	165.8	57	9450.6	253.6067
1332	0	1303	266.7	40.8	10881.36	253.8734
1333	0	1302	107.3	44.8	4807.04	253.9807
1334	0	1301	167	41.1	6863.7	254.1477
1335	0	1300	86.3	46.6	4021.58	254.234
1336	0	1299	112.2	40.2	4510.44	254.3462
1337	0	1298	174	48.8	8491.2	254.5202
1338	0	1297	164.9	29.3	4831.57	254.6851
1339	0	1296	117.3	53.3	6252.09	254.8024
1340	0	1295	57.3	30.5	1747.65	254.8597
1341	0	1294	89	36.6	3257.4	254.9487
1342	0	1293	156.1	18.9	2950.29	255.1048
1343	0	1292	351.7	35.7	12555.69	255.4565
1344	0	1291	123.1	39	4800.9	255.5796
1345	0	1290	89.9	29.9	2688.01	255.6695
1346	0	1289	212.8	51.2	10895.36	255.8823
1347	0	1288	271.6	37.5	10185	256.1539
1348	0	1287	124.1	28	3474.8	256.278
1349	0	1286	461.2	46.6	21491.92	256.7392
1350	0	1285	149.4	39.3	5871.42	256.8886
1351	0	1284	187.1	36	6735.6	257.0757
1352	0	1283	463	35.4	16390.2	257.5387
1353	0	1282	488.9	0	0	258.0276
1354	0	1281	321.3	30.8	9896.04	258.3489
1355	0	1280	86	36	3096	258.4349
1356	0	1279	54.9	30.5	1674.45	258.4898
1357	0	1278	48.2	44.8	2159.36	258.538
1358	0	1277	28	0	0	258.566
1359	0	1276	524.6	31.1	16315.06	259.0906
1360	0	1275	74.1	31.7	2348.97	259.1647
1361	0	1274	114.3	46.6	5326.38	259.279
1362	0	1273	202.1	42.1	8508.41	259.4811
1363	0	1272	113.4	42.7	4842.18	259.5945
1364	0	1271	103.9	34.1	3542.99	259.6984
1365	0	1270	150	35.1	5265	259.8484
1366	0	1269	162.2	40.5	6569.1	260.0106
1367	0	1268	76.2	22.9	1744.98	260.0868
1368	0	1267	110	29	3190	260.1968
1369	0	1266	221	0	0	260.4178
1370	0	1265	273.7	15.2	4160.24	260.6915
1371	0	1264	64.3	29.9	1922.57	260.7558
1372	0	1263	88.4	29.6	2616.64	260.8442
1373	0	1262	93	23.5	2185.5	260.9372
1374	0	1261	103.3	0	0	261.0405
1375	0	1260	294.7	51.8	15265.46	261.3352
1376	0	1259	166.1	43	7142.3	261.5013
1377	0	1258	256.9	0	0	261.7582
1378	0	1257	90.2	31.4	2832.28	261.8484
1379	0	1256	152.7	34.1	5207.07	262.0011
1380	0	1255	278.9	42.1	11741.69	262.28
1381	0	1254	62.8	0	0	262.3428
1382	0	1253	60.7	41.1	2494.77	262.4035
1383	0	1252	13.1	20.1	263.31	262.4166
1384	0	1251	67.7	0	0	262.4843
1385	0	1250	10.7	40.2	430.14	262.495
1386	0	1249	108.2	33.2	3592.24	262.6032
1387	0	1248	142.6	19.2	2737.92	262.7458
1388	0	1247	115.2	14.9	1716.48	262.861
1389	0	1246	164.6	46.6	7670.36	263.0256
1390	0	1245	115.8	60.4	6994.32	263.1414
1391	0	1244	40.8	63.7	2598.96	263.1822
1392	0	1243	179.8	53.6	9637.28	263.362
1393	0	1242	107.3	52.4	5622.52	263.4693
1394	0	1241	132	43	5676	263.6013
1395	0	1240	99.7	46.9	4675.93	263.701
1396	0	1239	542.2	57	30905.4	264.2432
1397	0	1238	39.6	27.7	1096.92	264.2828
1398	0	1237	140.2	31.4	4402.28	264.423
1399	0	1236	63.1	28	1766.8	264.4861
1400	0	1235	273.7	36.6	10017.42	264.7598
1401	0	1234	48.8	32.6	1590.88	264.8086
1402	0	1233	200	41.8	8360	265.0086
1403	0	1232	70.7	25.6	1809.92	265.0793
1404	0	1231	121.3	19.8	2401.74	265.2006
1405	0	1230	83.2	54.6	4542.72	265.2838
1406	0	1229	484.9	42.4	20559.76	265.7687
1407	0	1228	388.3	31.4	12192.62	266.157
1408	0	1227	44.2	18.6	822.12	266.2012
1409	0	1226	79.2	25.9	2051.28	266.2804
1410	0	1225	63.1	24.4	1539.64	266.3435
1411	0	1224	325.2	31.4	10211.28	266.6687
1412	0	1223	219.2	36.6	8022.72	266.8879
1413	0	1222	58.8	43.9	2581.32	266.9467
1414	0	1221	15.2	48.8	741.76	266.9619
1415	0	1220	70.1	0	0	267.032
1416	0	1219	117.7	41.8	4919.86	267.1497
1417	0	1218	111.9	47.5	5315.25	267.2616
1418	0	1217	143.3	0	0	267.4049
1419	0	1216	213.7	40.5	8654.85	267.6186
1420	0	1215	26.2	43.3	1134.46	267.6448
1421	0	1214	98.5	28.3	2787.55	267.7433
1422	0	1213	80.2	21	1684.2	267.8235
1423	0	1212	195.7	39.9	7808.43	268.0192
1424	0	1211	61	29.9	1823.9	268.0802
1425	0	1210	76.8	29	2227.2	268.157
1426	0	1209	92.7	52.7	4885.29	268.2497
1427	0	1208	59.4	50.3	2987.82	268.3091
1428	0	1207	164.6	29.9	4921.54	268.4737
1429	0	1206	128.3	15.2	1950.16	268.602
1430	0	1205	58.5	23.2	1357.2	268.6605
1431	0	1204	117.3	23.2	2721.36	268.7778
1432	0	1203	46.3	24.7	1143.61	268.8241
1433	0	1202	57.6	23.2	1336.32	268.8817
1434	0	1201	37.5	0	0	268.9192
1435	0	1200	48.8	25.3	1234.64	268.968
1436	0	1199	152.4	0	0	269.1204
1437	0	1198	57.6	63.7	3669.12	269.178
1438	0	1197	69.8	54.9	3832.02	269.2478
1439	0	1196	50.9	0	0	269.2987
1440	0	1195	60	52.4	3144	269.3587
1441	0	1194	97.8	28.7	2806.86	269.4565
1442	0	1193	57.3	32.6	1867.98	269.5138
1443	0	1192	96	38.7	3715.2	269.6098
1444	0	1191	111.3	29.3	3261.09	269.7211
1445	0	1190	119.5	30.2	3608.9	269.8406
1446	0	1189	106.7	28	2987.6	269.9473
1447	0	1188	135.6	40.2	5451.12	270.0829
1448	0	1187	32.9	31.1	1023.19	270.1158
1449	0	1186	86.6	24.7	2139.02	270.2024
1450	0	1185	80.8	0	0	270.2832
1451	0	1184	43	36.3	1560.9	270.3262
1452	0	1183	88.7	35.1	3113.37	270.4149
1453	0	1182	88.1	34.7	3057.07	270.503
1454	0	1181	148.7	37.2	5531.64	270.6517
1455	0	1180	108.8	33.5	3644.8	270.7605
1456	0	1179	143	36	5148	270.9035
1457	0	1178	64.6	25	1615	270.9681
1458	0	1177	179.5	36	6462	271.1476
1459	0	1176	10.4	22.6	235.04	271.158
1460	0	1175	216.4	0	0	271.3744
1461	0	1174	313	43.6	13646.8	271.6874
1462	0	1173	158.5	26.2	4152.7	271.8459
1463	0	1172	65.8	25	1645	271.9117
1464	0	1171	88.4	23.2	2050.88	272.0001
1465	0	1170	295	51.5	15192.5	272.2951
1466	0	1169	101.8	29	2952.2	272.3969
1467	0	1168	64.6	29.6	1912.16	272.4615
1468	0	1167	46.6	25.3	1178.98	272.5081
1469	0	1166	46.6	0	0	272.5547
1470	0	1165	30.5	31.1	948.55	272.5852
1471	0	1164	84.7	51.2	4336.64	272.6699
1472	0	1163	118.6	38.1	4518.66	272.7885
1473	0	1162	105.2	45.7	4807.64	272.8937
1474	0	1161	133.2	45.4	6047.28	273.0269
1475	0	1160	103.6	48.8	5055.68	273.1305
1476	0	1159	156.1	45.4	7086.94	273.2866
1477	0	1158	162.5	45.4	7377.5	273.4491
1478	0	1157	419.7	43.3	18173.01	273.8688
1479	0	1156	159.1	25	3977.5	274.0279
1480	0	1155	66.4	23.2	1540.48	274.0943
1481	0	1154	240.8	0	0	274.3351
1482	0	1153	236.2	41.1	9707.82	274.5713
1483	0	1152	119.5	33.5	4003.25	274.6908
1484	0	1151	63.1	36.6	2309.46	274.7539
1485	0	1150	226.8	34.1	7733.88	274.9807
1486	0	1149	93.6	34.1	3191.76	275.0743
1487	0	1148	44.5	20.4	907.8	275.1188
1488	0	1147	167.6	35.7	5983.32	275.2864
1489	0	1146	46	42.4	1950.4	275.3324
1490	0	1145	237.7	37.2	8842.44	275.5701
1491	0	1144	109.7	37.5	4113.75	275.6798
1492	0	1143	246.9	33.2	8197.08	275.9267
1493	0	1142	212.8	38.7	8235.36	276.1395
1494	0	1141	181.7	36.6	6650.22	276.3212
1495	0	1140	51.5	30.2	1555.3	276.3727
1496	0	1139	139	32	4448	276.5117
1497	0	1138	234.7	39.9	9364.53	276.7464
1498	0	1137	138.7	33.5	4646.45	276.8851
1499	0	1136	83.5	28	2338	276.9686
1500	0	1135	144.2	27.7	3994.34	277.1128
1501	0	1134	61	28.3	1726.3	277.1738
1502	0	1133	177.1	32	5667.2	277.3509
1503	0	1132	218.8	30.8	6739.04	277.5697
1504	0	1131	109.7	39.3	4311.21	277.6794
1505	0	1130	85	29.3	2490.5	277.7644
1506	0	1129	82.3	39.6	3259.08	277.8467
1507	0	1128	81.1	0	0	277.9278
1508	0	1127	274.6	52.7	14471.42	278.2024
1509	0	1126	66.1	32.9	2174.69	278.2685
1510	0	1125	130.2	60.7	7903.14	278.3987
1511	0	1124	340.2	31.4	10682.28	278.7389
1512	0	1123	110.9	45.7	5068.13	278.8498
1513	0	1122	68.6	56.7	3889.62	278.9184
1514	0	1121	64.9	45.7	2965.93	278.9833
1515	0	1120	45.7	41.5	1896.55	279.029
1516	0	1119	79.2	41.5	3286.8	279.1082
1517	0	1118	567.2	0	0	279.6754
1518	0	1117	138.4	40.8	5646.72	279.8138
1519	0	1116	351.7	35.4	12450.18	280.1655
1520	0	1115	177.1	31.4	5560.94	280.3426
1521	0	1114	93.9	35.1	3295.89	280.4365
1522	0	1113	107	24.7	2642.9	280.5435
1523	0	1112	420.3	57	23957.1	280.9638
1524	0	1111	57.6	28.3	1630.08	281.0214
1525	0	1110	116.4	33.8	3934.32	281.1378
1526	0	1109	59.1	50.9	3008.19	281.1969
1527	0	1108	47.9	31.7	1518.43	281.2448
1528	0	1107	138.4	36	4982.4	281.3832
1529	0	1106	169.5	39.3	6661.35	281.5527
1530	0	1105	35.7	47.5	1695.75	281.5884
1531	0	1104	136.6	23.5	3210.1	281.725
1532	0	1103	93.3	29.9	2789.67	281.8183
1533	0	1102	368.2	85.3	31407.46	282.1865
1534	0	1101	75.6	30.8	2328.48	282.2621
1535	0	1100	79.2	27.4	2170.08	282.3413
1536	0	1099	117.7	25.9	3048.43	282.459
1537	0	1098	200.9	36	7232.4	282.6599
1538	0	1097	91.4	34.7	3171.58	282.7513
1539	0	1096	145.1	24.4	3540.44	282.8964
1540	0	1095	217.9	42.4	9238.96	283.1143
1541	0	1094	189.9	37.8	7178.22	283.3042
1542	0	1093	132.3	41.1	5437.53	283.4365
1543	0	1092	551.4	44.8	24702.72	283.9879
1544	0	1091	85.3	24.7	2106.91	284.0732
1545	0	1090	249.3	0	0	284.3225
1546	0	1089	442.3	43	19018.9	284.7648
1547	0	1088	174.7	27.1	4734.37	284.9395
1548	0	1087	164	21.3	3493.2	285.1035
1549	0	1086	79.9	42.7	3411.73	285.1834
1550	0	1085	175.3	38.4	6731.52	285.3587
1551	0	1084	91.7	33.5	3071.95	285.4504
1552	0	1083	221.9	0	0	285.6723
1553	0	1082	553.2	41.8	23123.76	286.2255
1554	0	1081	348.7	28.3	9868.21	286.5742
1555	0	1080	186.5	20.7	3860.55	286.7607
1556	0	1079	156.4	33.5	5239.4	286.9171
1557	0	1078	242	40.5	9801	287.1591
1558	0	1077	407.5	60.4	24613	287.5666
1559	0	1076	75	0	0	287.6416
1560	0	1075	93.9	60.4	5671.56	287.7355
1561	0	1074	84.4	40.8	3443.52	287.8199
1562	0	1073	119.2	65.2	7771.84	287.9391
1563	0	1072	177.4	50.9	9029.66	288.1165
1564	0	1071	68.6	31.7	2174.62	288.1851
1565	0	1070	215.2	26.5	5702.8	288.4003
1566	0	1069	190.2	25	4755	288.5905
1567	0	1068	50.3	44.8	2253.44	288.6408
1568	0	1067	103	24.1	2482.3	288.7438
1569	0	1066	160.3	40.8	6540.24	288.9041
1570	0	1065	131.1	32.9	4313.19	289.0352
1571	0	1064	57.9	24.4	1412.76	289.0931
1572	0	1063	54.3	32.3	1753.89	289.1474
1573	0	1062	163.1	25.9	4224.29	289.3105
1574	0	1061	101.8	39	3970.2	289.4123
1575	0	1060	189	36.6	6917.4	289.6013
1576	0	1059	149.4	33.8	5049.72	289.7507
1577	0	1058	183.5	36.9	6771.15	289.9342
1578	0	1057	95.4	42.1	4016.34	290.0296
1579	0	1056	58.8	47.2	2775.36	290.0884
1580	0	1055	232.6	38.1	8862.06	290.321
1581	0	1054	249.3	30.8	7678.44	290.5703
1582	0	1053	97.5	26.5	2583.75	290.6678
1583	0	1052	120.1	28	3362.8	290.7879
1584	0	1051	222.5	41.1	9144.75	291.0104
1585	0	1050	132	42.1	5557.2	291.1424
1586	0	1049	179.8	50	8990	291.3222
1587	0	1048	103.3	47.2	4875.76	291.4255
1588	0	1047	65.2	46.6	3038.32	291.4907
1589	0	1046	156.1	51.8	8085.98	291.6468
1590	0	1045	82.9	54.9	4551.21	291.7297
1591	0	1044	242	46.9	11349.8	291.9717
1592	0	1043	212.1	38.1	8081.01	292.1838
1593	0	1042	55.8	35.1	1958.58	292.2396
1594	0	1041	117.7	35.1	4131.27	292.3573
1595	0	1040	185.6	35.1	6514.56	292.5429
1596	0	1039	100.6	42.4	4265.44	292.6435
1597	0	1038	131.1	51.8	6790.98	292.7746
1598	0	1037	157.6	55.2	8699.52	292.9322
1599	0	1036	217.9	54.9	11962.71	293.1501
1600	0	1035	279.8	44.5	12451.1	293.4299
1601	0	1034	72.8	36	2620.8	293.5027
1602	0	1033	236.8	0	0	293.7395
1603	0	1032	51.5	51.8	2667.7	293.791
1604	0	1031	151.8	62.5	9487.5	293.9428
1605	0	1030	419.1	44.2	18524.22	294.3619
1606	0	1029	103.3	43.9	4534.87	294.4652
1607	0	1028	105.5	43.3	4568.15	294.5707
1608	0	1027	203.3	36.9	7501.77	294.774
1609	0	1026	117.3	36.9	4328.37	294.8913
1610	0	1025	85.6	29.6	2533.76	294.9769
1611	0	1024	182.3	36.3	6617.49	295.1592
1612	0	1023	57	33.5	1909.5	295.2162
1613	0	1022	195.1	27.4	5345.74	295.4113
1614	0	1021	73.2	34.1	2496.12	295.4845
1615	0	1020	234.1	29.9	6999.59	295.7186
1616	0	1019	81.7	29.6	2418.32	295.8003
1617	0	1018	125.3	39.3	4924.29	295.9256
1618	0	1017	73.5	43	3160.5	295.9991
1619	0	1016	149.4	43.6	6513.84	296.1485
1620	0	1015	99.1	53.9	5341.49	296.2476
1621	0	1014	336.5	47.2	15882.8	296.5841
1622	0	1013	163.1	36.6	5969.46	296.7472
1623	0	1012	448.7	42.4	19024.88	297.1959
1624	0	1011	200.3	54.9	10996.47	297.3962
1625	0	1010	141.7	49.7	7042.49	297.5379
1626	0	1009	368.8	0	0	297.9067
1627	0	1008	96.3	69.5	6692.85	298.003
1628	0	1007	121.3	60.4	7326.52	298.1243
1629	0	1006	118.9	37.8	4494.42	298.2432
1630	0	1005	246.6	53.3	13143.78	298.4898
1631	0	1004	424.9	52.4	22264.76	298.9147
1632	0	1003	109.4	0	0	299.0241
1633	0	1002	1199.7	56.7	68022.99	300.2238
1634	0	1001	100.6	51.8	5211.08	300.3244
1635	0	1000	64	45.1	2886.4	300.3884
1636	0	999	130.2	43.9	5715.78	300.5186
1637	0	998	236.8	0	0	300.7554
1638	0	997	29	37.8	1096.2	300.7844
1639	0	996	164.6	67.4	11094.04	300.949
1640	0	995	542.2	36.3	19681.86	301.4912
1641	0	994	706.8	0	0	302.198
1642	0	993	137.2	36.3	4980.36	302.3352
1643	0	992	75	45.4	3405	302.4102
1644	0	991	68.9	51.8	3569.02	302.4791
1645	0	990	177.1	45.4	8040.34	302.6562
1646	0	989	94.5	0	0	302.7507
1647	0	988	22.3	82.9	1848.67	302.773
1648	0	987	158.5	73.5	11649.75	302.9315
1649	0	986	230.1	69.5	15991.95	303.1616
1650	0	985	290.8	0	0	303.4524
1651	0	984	221	48.5	10718.5	303.6734
1652	0	983	122.2	61.3	7490.86	303.7956
1653	0	982	77.1	46.9	3615.99	303.8727
1654	0	981	79.2	40.5	3207.6	303.9519
1655	0	980	105.8	49.4	5226.52	304.0577
1656	0	979	48.8	38.1	1859.28	304.1065
1657	0	978	367.6	50.3	18490.28	304.4741
1658	0	977	372.8	51.2	19087.36	304.8469
1659	0	976	123.1	66.1	8136.91	304.97
1660	0	975	199	49.7	9890.3	305.169
1661	0	974	67.4	49.4	3329.56	305.2364
1662	0	973	143.6	0	0	305.38
1663	0	972	37.2	35.4	1316.88	305.4172
1664	0	971	139.3	53.3	7424.69	305.5565
1665	0	970	83.8	52.4	4391.12	305.6403
1666	0	969	213.1	0	0	305.8534
1667	0	968	118.9	62.8	7466.92	305.9723
1668	0	967	74.1	43.6	3230.76	306.0464
1669	0	966	149.4	40.2	6005.88	306.1958
1670	0	965	119.2	46	5483.2	306.315
1671	0	964	75.3	50.3	3787.59	306.3903
1672	0	963	239.3	33.5	8016.55	306.6296
1673	0	962	83.8	47.2	3955.36	306.7134
1674	0	961	298.1	0	0	307.0115
1675	0	960	198.1	38.7	7666.47	307.2096
1676	0	959	106.7	51.8	5527.06	307.3163
1677	0	958	107.6	48.2	5186.32	307.4239
1678	0	957	318.5	50	15925	307.7424
1679	0	956	11.6	24.4	283.04	307.754
1680	0	955	130.2	0	0	307.8842
1681	0	954	264.3	55.2	14589.36	308.1485
1682	0	953	386.5	37.5	14493.75	308.535
1683	0	952	56.7	59.4	3367.98	308.5917
1684	0	951	100.9	0	0	308.6926
1685	0	950	78.3	59.4	4651.02	308.7709
1686	0	949	158.5	33.5	5309.75	308.9294
1687	0	948	129.2	63.4	8191.28	309.0586
1688	0	947	184.1	41.5	7640.15	309.2427
1689	0	946	69.2	40.2	2781.84	309.3119
1690	0	945	194.5	51.5	10016.75	309.5064
1691	0	944	152.1	32.9	5004.09	309.6585
1692	0	943	245.1	38.4	9411.84	309.9036
1693	0	942	135.6	58.5	7932.6	310.0392
1694	0	941	278.3	36	10018.8	310.3175
1695	0	940	100.9	46	4641.4	310.4184
1696	0	939	283.2	36.9	10450.08	310.7016
1697	0	938	70.1	30.5	2138.05	310.7717
1698	0	937	52.7	37.2	1960.44	310.8244
1699	0	936	144.8	38.7	5603.76	310.9692
1700	0	935	142.6	50.6	7215.56	311.1118
1701	0	934	97.5	34.4	3354	311.2093
1702	0	933	193.6	32.9	6369.44	311.4029
1703	0	932	210	43.3	9093	311.6129
1704	0	931	289.6	32.6	9440.96	311.9025
1705	0	930	74	40.5	2997	311.9765
1706	0	929	88.6	42.7	3783.22	312.0651
1707	0	928	140.5	33.2	4664.6	312.2056
1708	0	927	43.7	32.3	1411.51	312.2493
1709	0	926	60.9	42.7	2600.43	312.3102
1710	0	925	77.6	42.7	3313.52	312.3878
1711	0	924	63.9	44.2	2824.38	312.4517
1712	0	923	130.9	53.3	6976.97	312.5826
1713	0	922	286.2	42.7	12220.74	312.8688
1714	0	921	121.7	42.7	5196.59	312.9905
1715	0	920	105.8	51.8	5480.44	313.0963
1716	0	919	60.7	66.8	4054.76	313.157
1717	0	918	33.1	52.4	1734.44	313.1901
1718	0	917	29.9	51.2	1530.88	313.22
1719	0	916	28.9	45.4	1312.06	313.2489
1720	0	915	15.6	40.5	631.8	313.2645
1721	0	914	26.7	39.6	1057.32	313.2912
1722	0	913	27.5	38.1	1047.75	313.3187
1723	0	912	115.5	39.6	4573.8	313.4342
1724	0	911	106	71.3	7557.8	313.5402
1725	0	910	117.8	50	5890	313.658
1726	0	909	75.9	25.3	1920.27	313.7339
1727	0	908	90.8	55.2	5012.16	313.8247
1728	0	907	119.5	43	5138.5	313.9442
1729	0	906	71.6	31.1	2226.76	314.0158
1730	0	905	78	19.8	1544.4	314.0938
1731	0	904	17.9	71.3	1276.27	314.1117
1732	0	903	109.5	59.7	6537.15	314.2212
1733	0	902	109.1	29.9	3262.09	314.3303
1734	0	901	128.7	43.6	5611.32	314.459
1735	0	900	73	49.1	3584.3	314.532
1736	0	899	71.6	32	2291.2	314.6036
1737	0	898	48.3	45.4	2192.82	314.6519
1738	0	897	117	33.2	3884.4	314.7689
1739	0	896	267.8	57.3	15344.94	315.0367
1740	0	895	74.7	21.6	1613.52	315.1114
1741	0	894	87.7	29	2543.3	315.1991
1742	0	893	181.8	47.9	8708.22	315.3809
1743	0	892	188.1	47.5	8934.75	315.569
1744	0	891	113	64	7232	315.682
1745	0	890	172	53.9	9270.8	315.854
1746	0	889	138.2	0	0	315.9922
1747	0	888	43	59.4	2554.2	316.0352
1748	0	887	36	72.5	2610	316.0712
1749	0	886	194.6	71	13816.6	316.2658
1750	0	885	84.4	60.4	5097.76	316.3502
1751	0	884	87.8	60.7	5329.46	316.438
1752	0	883	45.4	62.2	2823.88	316.4834
1753	0	882	77.9	41.8	3256.22	316.5613
1754	0	881	61.5	42.7	2626.05	316.6228
1755	0	880	138.4	48.2	6670.88	316.7612
1756	0	879	90.5	47.5	4298.75	316.8517
1757	0	878	141.9	51.2	7265.28	316.9936
1758	0	877	70.2	37.5	2632.5	317.0638
1759	0	876	50.3	46.6	2343.98	317.1141
1760	0	875	232	43.3	10045.6	317.3461
1761	0	874	128.1	36.6	4688.46	317.4742
1762	0	873	121.4	41.1	4989.54	317.5956
1763	0	872	109.9	24.7	2714.53	317.7055
1764	0	871	93.6	42.4	3968.64	317.7991
1765	0	870	93.2	52.7	4911.64	317.8923
1766	0	869	106.3	50.3	5346.89	317.9986
1767	0	868	62.7	33.5	2100.45	318.0613
1768	0	867	59.7	18.6	1110.42	318.121
1769	0	866	260	0	0	318.381
1770	0	865	55.3	20.4	1128.12	318.4363
1771	0	864	60.8	21.3	1295.04	318.4971
1772	0	863	241.7	50.9	12302.53	318.7388
1773	0	862	252.7	45.4	11472.58	318.9915
1774	0	861	80.1	26.8	2146.68	319.0716
1775	0	860	72.3	36	2602.8	319.1439
1776	0	859	88	40.5	3564	319.2319
1777	0	858	155	48.8	7564	319.3869
1778	0	857	115.4	43.3	4996.82	319.5023
1779	0	856	130.2	26.8	3489.36	319.6325
1780	0	855	303.3	37.5	11373.75	319.9358
1781	0	854	49	35.1	1719.9	319.9848
1782	0	853	111.8	20.7	2314.26	320.0966
1783	0	852	157.1	28.3	4445.93	320.2537
1784	0	851	59.1	76.2	4503.42	320.3128
1785	0	850	61.4	22.9	1406.06	320.3742
1786	0	849	134.9	37.5	5058.75	320.5091
1787	0	848	202.7	30.8	6243.16	320.7118
1788	0	847	201.5	32.6	6568.9	320.9133
1789	0	846	213.7	40.5	8654.85	321.127
1790	0	845	57.2	50	2860	321.1842
1791	0	844	45.4	36.6	1661.64	321.2296
1792	0	843	94	54.3	5104.2	321.3236
1793	0	842	122.3	32	3913.6	321.4459
1794	0	841	64.6	30.2	1950.92	321.5105
1795	0	840	66.2	26.5	1754.3	321.5767
1796	0	839	91.6	32.9	3013.64	321.6683
1797	0	838	72.2	100	7220	321.7405
1798	0	837	240.1	39.6	9507.96	321.9806
1799	0	836	50	36.6	1830	322.0306
1800	0	835	71.5	40.8	2917.2	322.1021
1801	0	834	32.3	30.2	975.46	322.1344
1802	0	833	33.9	39.6	1342.44	322.1683
1803	0	832	30	36.6	1098	322.1983
1804	0	831	34.5	41.8	1442.1	322.2328
1805	0	830	31.1	44.8	1393.28	322.2639
1806	0	829	35	39.6	1386	322.2989
1807	0	828	238	43	10234	322.5369
1808	0	827	108.8	51.8	5635.84	322.6457
1809	0	826	72.6	32.3	2344.98	322.7183
1810	0	825	107.6	29	3120.4	322.8259
1811	0	824	13.7	13.7	187.69	322.8396
1812	0	823	19.5	16.8	327.6	322.8591
1813	0	822	10.4	18.3	190.32	322.8695
1814	0	821	43.6	18.3	797.88	322.9131
1815	0	820	17.4	18.3	318.42	322.9305
1816	0	819	22.9	21.3	487.77	322.9534
1817	0	818	54.9	19.8	1087.02	323.0083
1818	0	817	22.9	19.8	453.42	323.0312
1819	0	816	6.4	19.8	126.72	323.0376
1820	0	815	15.8	18.3	289.14	323.0534
1821	0	814	42.1	18.3	770.43	323.0955
1822	0	813	30.2	10.7	323.14	323.1257
1823	0	812	8.8	12.2	107.36	323.1345
1824	0	811	15.8	12.2	192.76	323.1503
1825	0	810	4.3	13.7	58.91	323.1546
1826	0	809	12.5	30.5	381.25	323.1671
1827	0	808	63.4	30.5	1933.7	323.2305
1828	0	807	18.9	30.5	576.45	323.2494
1829	0	806	5.2	30.5	158.6	323.2546
1830	0	805	8.8	0	0	323.2634
1831	0	804	29.6	24.4	722.24	323.293
1832	0	803	64.3	21.3	1369.59	323.3573
1833	0	802	27.4	15.2	416.48	323.3847
1834	0	801	24.7	22.9	565.63	323.4094
1835	0	800	29.3	22.9	670.97	323.4387
1836	0	799	17.1	21.3	364.23	323.4558
1837	0	798	16.2	18.3	296.46	323.472
1838	0	797	2.7	15.2	41.04	323.4747
1839	0	796	8.8	15.2	133.76	323.4835
1840	0	795	4.3	10.7	46.01	323.4878
1841	0	794	52.1	12.2	635.62	323.5399
1842	0	793	12.8	12.2	156.16	323.5527
1843	0	792	17.4	15.2	264.48	323.5701
1844	0	791	10.4	16.8	174.72	323.5805
1845	0	790	146.3	12.2	1784.86	323.7268
1846	0	789	20.1	12.2	245.22	323.7469
1847	0	788	25	12.2	305	323.7719
1848	0	787	19.5	12.2	237.9	323.7914
1849	0	786	7.6	18.3	139.08	323.799
1850	0	785	14.6	16.8	245.28	323.8136
1851	0	784	4.3	15.2	65.36	323.8179
1852	0	783	25.3	18.3	462.99	323.8432
1853	0	782	12.8	6.1	78.08	323.856
1854	0	781	9.1	15.2	138.32	323.8651
1855	0	780	37.8	15.2	574.56	323.9029
1856	0	779	19.2	16.8	322.56	323.9221
1857	0	778	32.9	27.4	901.46	323.955
1858	0	777	4	0	0	323.959
1859	0	776	21.9	24.4	534.36	323.9809
1860	0	775	14.9	24.4	363.56	323.9958
1861	0	774	54.9	18.3	1004.67	324.0507
1862	0	773	4.9	13.7	67.13	324.0556
1863	0	772	41.8	0	0	324.0974
1864	0	771	19.2	10.7	205.44	324.1166
1865	0	770	12.5	12.2	152.5	324.1291
1866	0	769	43.6	15.2	662.72	324.1727
1867	0	768	4.9	15.2	74.48	324.1776
1868	0	767	13.1	15.2	199.12	324.1907
1869	0	766	32.6	15.2	495.52	324.2233
1870	0	765	74.7	18.3	1367.01	324.298
1871	0	764	19.2	15.2	291.84	324.3172
1872	0	763	25.3	15.2	384.56	324.3425
1873	0	762	75.6	0	0	324.4181
1874	0	761	13.1	16.8	220.08	324.4312
1875	0	760	27.1	16.8	455.28	324.4583
1876	0	759	24.1	16.8	404.88	324.4824
1877	0	758	12.8	19.8	253.44	324.4952
1878	0	757	31.1	16.8	522.48	324.5263
1879	0	756	21.9	18.3	400.77	324.5482
1880	0	755	58.2	16.8	977.76	324.6064
1881	0	754	20.1	21.3	428.13	324.6265
1882	0	753	29.3	9.1	266.63	324.6558
1883	0	752	3	10.7	32.1	324.6588
1884	0	751	39	12.2	475.8	324.6978
1885	0	750	4.6	12.8	58.88	324.7024
1886	0	749	17.7	0	0	324.7201
1887	0	748	6.1	12.2	74.42	324.7262
1888	0	747	11.9	12.2	145.18	324.7381
1889	0	746	7.6	12.2	92.72	324.7457
1890	0	745	18	12.2	219.6	324.7637
1891	0	744	6.7	18.3	122.61	324.7704
1892	0	743	21.6	19.8	427.68	324.792
1893	0	742	47.9	16.8	804.72	324.8399
1894	0	741	3.7	15.2	56.24	324.8436
1895	0	740	20.1	13.7	275.37	324.8637
1896	0	739	8.8	13.7	120.56	324.8725
1897	0	738	24.1	13.7	330.17	324.8966
1898	0	737	9.4	12.2	114.68	324.906
1899	0	736	15.8	12.2	192.76	324.9218
1900	0	735	8.5	12.2	103.7	324.9303
1901	0	734	37.8	0	0	324.9681
1902	0	733	18.6	12.2	226.92	324.9867
1903	0	732	10.1	12.2	123.22	324.9968
1904	0	731	26.5	16.8	445.2	325.0233
1905	0	730	8.8	15.2	133.76	325.0321
1906	0	729	4.9	13.7	67.13	325.037
1907	0	728	15.5	15.2	235.6	325.0525
1908	0	727	40.5	13.7	554.85	325.093
1909	0	726	20.4	10.7	218.28	325.1134
1910	0	725	71.6	14.3	1023.88	325.185
1911	0	724	35.8	28.7	1027.46	325.2208
1912	0	723	35.8	28.7	1027.46	325.2566
1913	0	722	222	0	0	325.4786
1914	0	721	86	78.9	6785.4	325.5646
1915	0	720	100.3	43	4312.9	325.6649
1916	0	719	171.9	64.6	11104.74	325.8368
1917	0	718	128.9	36	4640.4	325.9657
1918	0	717	150.4	50.3	7565.12	326.1161
1919	0	716	35.8	36	1288.8	326.1519
1920	0	715	86	28.7	2468.2	326.2379
1921	0	714	35.8	36	1288.8	326.2737
1922	0	713	229.2	0	0	326.5029
1923	0	712	100.3	43	4312.9	326.6032
1924	0	711	128.9	43	5542.7	326.7321
1925	0	710	100.3	0	0	326.8324
1926	0	709	100.3	50.3	5045.09	326.9327
1927	0	708	114.6	36	4125.6	327.0473
1928	0	707	64.5	36	2322	327.1118
1929	0	706	43	28.7	1234.1	327.1548
1930	0	705	93.1	21.6	2010.96	327.2479
1931	0	704	35.8	43	1539.4	327.2837
1932	0	703	121.8	57.3	6979.14	327.4055
1933	0	702	86	36	3096	327.4915
1934	0	701	64.5	43	2773.5	327.556
1935	0	700	57.3	50.3	2882.19	327.6133
1936	0	699	57.3	57.3	3283.29	327.6706
1937	0	698	128.9	0	0	327.7995
1938	0	697	93.1	43	4003.3	327.8926
1939	0	696	150.4	36	5414.4	328.043
1940	0	695	35.8	28.7	1027.46	328.0788
1941	0	694	71.6	28.7	2054.92	328.1504
1942	0	693	93.1	43	4003.3	328.2435
1943	0	692	64.5	0	0	328.308
1944	0	691	107.4	57.3	6154.02	328.4154
1945	0	690	71.6	36	2577.6	328.487
1946	0	689	157.6	28.7	4523.12	328.6446
1947	0	688	193.4	43	8316.2	328.838
1948	0	687	107.4	36	3866.4	328.9454
1949	0	686	86	36	3096	329.0314
1950	0	685	121.8	36	4384.8	329.1532
1951	0	684	71.6	36	2577.6	329.2248
1952	0	683	114.6	43	4927.8	329.3394
1953	0	682	28.7	21.6	619.92	329.3681
1954	0	681	35.8	0	0	329.4039
1955	0	680	86	43	3698	329.4899
1956	0	679	143.3	36	5158.8	329.6332
1957	0	678	179.1	36	6447.6	329.8123
1958	0	677	107.4	36	3866.4	329.9197
1959	0	676	143.3	28.7	4112.71	330.063
1960	0	675	128.9	50.3	6483.67	330.1919
1961	0	674	107.4	28.7	3082.38	330.2993
1962	0	673	171.9	36	6188.4	330.4712
1963	0	672	78.8	43	3388.4	330.55
1964	0	671	93.1	43	4003.3	330.6431
1965	0	670	121.8	43	5237.4	330.7649
1966	0	669	179.1	36	6447.6	330.944
1967	0	668	136.1	36	4899.6	331.0801
1968	0	667	78.8	0	0	331.1589
1969	0	666	107.4	36	3866.4	331.2663
1970	0	665	143.3	64.6	9257.18	331.4096
1971	0	664	57.3	50.3	2882.19	331.4669
1972	0	663	143.3	43	6161.9	331.6102
1973	0	662	71.6	36	2577.6	331.6818
1974	0	661	150.4	57.3	8617.92	331.8322
1975	0	660	71.6	28.7	2054.92	331.9038
1976	0	659	71.6	50.3	3601.48	331.9754
1977	0	658	150.4	50.3	7565.12	332.1258
1978	0	657	71.6	36	2577.6	332.1974
1979	0	656	479.9	36	17276.4	332.6773
1980	0	655	93.1	43	4003.3	332.7704
1981	0	654	86	43	3698	332.8564
1982	0	653	93.1	50.3	4682.93	332.9495
1983	0	652	86	28.7	2468.2	333.0355
1984	0	651	86	28.7	2468.2	333.1215
1985	0	650	143.3	36	5158.8	333.2648
1986	0	649	143.3	43	6161.9	333.4081
1987	0	648	93.1	36	3351.6	333.5012
1988	0	647	107.4	36	3866.4	333.6086
1989	0	646	114.6	43	4927.8	333.7232
1990	0	645	86	36	3096	333.8092
1991	0	644	64.5	36	2322	333.8737
1992	0	643	86	28.7	2468.2	333.9597
1993	0	642	136	0	0	334.0957
1994	0	641	71.6	71.6	5126.56	334.1673
1995	0	640	86	50.3	4325.8	334.2533
1996	0	639	71.6	43	3078.8	334.3249
1997	0	638	108.5	0	0	334.4334
1998	0	637	239.6	64	15334.4	334.673
1999	0	636	112.8	0	0	334.7858
2000	0	635	22.9	64	1465.6	334.8087
2001	0	634	139.3	60	8358	334.948
2002	0	633	177.1	41.5	7349.65	335.1251
2003	0	632	158.2	0	0	335.2833
2004	0	631	137.8	43.9	6049.42	335.4211
2005	0	630	159.7	0	0	335.5808
2006	0	629	322.2	40.5	13049.1	335.903
2007	0	628	288	0	0	336.191
2008	0	627	241.4	34.4	8304.16	336.4324
2009	0	626	58.2	39	2269.8	336.4906
2010	0	625	115.2	50.9	5863.68	336.6058
2011	0	624	209.1	0	0	336.8149
2012	0	623	38.1	49.7	1893.57	336.853
2013	0	622	144.5	39.9	5765.55	336.9975
2014	0	621	72.8	32.6	2373.28	337.0703
2015	0	620	37.2	53.9	2005.08	337.1075
2016	0	619	159.4	36.9	5881.86	337.2669
2017	0	618	160.9	35.1	5647.59	337.4278
2018	0	617	105.8	0	0	337.5336
2019	0	616	56.7	30.2	1712.34	337.5903
2020	0	615	176.8	0	0	337.7671
2021	0	614	72.8	32.9	2395.12	337.8399
2022	0	613	257.6	35.4	9119.04	338.0975
2023	0	612	40.2	39.9	1603.98	338.1377
2024	0	611	309	0	0	338.4467
2025	0	610	289.6	35.4	10251.84	338.7363
2026	0	609	41.5	34.1	1415.15	338.7778
2027	0	608	273.7	34.1	9333.17	339.0515
2028	0	607	112.5	50	5625	339.164
2029	0	606	71	59.1	4196.1	339.235
2030	0	605	6.1	61.9	377.59	339.2411
2031	0	604	181.4	52.7	9559.78	339.4225
2032	0	603	117.3	44.5	5219.85	339.5398
2033	0	602	177.1	31.1	5507.81	339.7169
2034	0	601	75.9	33.8	2565.42	339.7928
2035	0	600	68	40.5	2754	339.8608
2036	0	599	122.2	41.1	5022.42	339.983
2037	0	598	177.1	36	6375.6	340.1601
2038	0	597	42.1	45.1	1898.71	340.2022
2039	0	596	102.1	40.8	4165.68	340.3043
2040	0	595	104.5	54.9	5737.05	340.4088
2041	0	594	86.6	44.2	3827.72	340.4954
2042	0	593	108.5	38.4	4166.4	340.6039
2043	0	592	57	40.2	2291.4	340.6609
2044	0	591	45.7	50.3	2298.71	340.7066
2045	0	590	219.2	0	0	340.9258
2046	0	589	225.2	34.4	7746.88	341.151
2047	0	588	11.6	46.6	540.56	341.1626
2048	0	587	370	41.8	15466	341.5326
2049	0	586	64	33.8	2163.2	341.5966
2050	0	585	7.6	47.5	361	341.6042
2051	0	584	230.4	50.9	11727.36	341.8346
2052	0	583	193.2	32.3	6240.36	342.0278
2053	0	582	46	31.1	1430.6	342.0738
2054	0	581	68	39.6	2692.8	342.1418
2055	0	580	92.4	34.7	3206.28	342.2342
2056	0	579	137.8	22.6	3114.28	342.372
2057	0	578	152.7	32.3	4932.21	342.5247
2058	0	577	66.1	41.8	2762.98	342.5908
2059	0	576	51.5	44.2	2276.3	342.6423
2060	0	575	173.7	42.1	7312.77	342.816
2061	0	574	86.9	37.5	3258.75	342.9029
2062	0	573	20.7	37.5	776.25	342.9236
2063	0	572	48.5	37.5	1818.75	342.9721
2064	0	571	109.7	32.3	3543.31	343.0818
2065	0	570	160.9	49.4	7948.46	343.2427
2066	0	569	96.3	52.4	5046.12	343.339
2067	0	568	8.5	48.8	414.8	343.3475
2068	0	567	61.9	48.2	2983.58	343.4094
2069	0	566	115.5	36.9	4261.95	343.5249
2070	0	565	44.5	24.1	1072.45	343.5694
2071	0	564	257.6	30.5	7856.8	343.827
2072	0	563	209.1	36	7527.6	344.0361
2073	0	562	64.9	36.6	2375.34	344.101
2074	0	561	73.5	27.4	2013.9	344.1745
2075	0	560	23.2	29.9	693.68	344.1977
2076	0	559	155.4	38.1	5920.74	344.3531
2077	0	558	72.2	39.6	2859.12	344.4253
2078	0	557	139.3	48.2	6714.26	344.5646
2079	0	556	30.8	46.6	1435.28	344.5954
2080	0	555	140.2	31.1	4360.22	344.7356
2081	0	554	135	0	0	344.8706
2082	0	553	172.5	45.4	7831.5	345.0431
2083	0	552	230.1	31.7	7294.17	345.2732
2084	0	551	109.4	35.1	3839.94	345.3826
2085	0	550	172.5	29.9	5157.75	345.5551
2086	0	549	418.5	60	25110	345.9736
2087	0	548	143.9	27.1	3899.69	346.1175
2088	0	547	86.3	31.7	2735.71	346.2038
2089	0	546	264.6	35.1	9287.46	346.4684
2090	0	545	143.9	39.9	5741.61	346.6123
2091	0	544	46	29.9	1375.4	346.6583
2092	0	543	93.3	25	2332.5	346.7516
2093	0	542	130.2	22.9	2981.58	346.8818
2094	0	541	49.4	29	1432.6	346.9312
2095	0	540	44.8	27.1	1214.08	346.976
2096	0	539	71.3	38.1	2716.53	347.0473
2097	0	538	144.8	0	0	347.1921
2098	0	537	95.1	0	0	347.2872
2099	0	536	163.7	75	12277.5	347.4509
2100	0	535	63.4	64.9	4114.66	347.5143
2101	0	534	85	32	2720	347.5993
2102	0	533	224.3	53	11887.9	347.8236
2103	0	532	172.5	32	5520	347.9961
2104	0	531	126.5	29.9	3782.35	348.1226
2105	0	530	170.7	27.1	4625.97	348.2933
2106	0	529	191.7	0	0	348.485
2107	0	528	93.3	56.1	5234.13	348.5783
2108	0	527	224.3	0	0	348.8026
2109	0	526	243.8	52.4	12775.12	349.0464
2110	0	525	62.2	21	1306.2	349.1086
2111	0	524	110.3	39.9	4400.97	349.2189
2112	0	523	188.7	25.9	4887.33	349.4076
2113	0	522	341.7	31.1	10626.87	349.7493
2114	0	521	215.2	18.9	4067.28	349.9645
2115	0	520	108.2	39	4219.8	350.0727
2116	0	519	56.4	22.9	1291.56	350.1291
2117	0	518	20.7	27.1	560.97	350.1498
2118	0	517	193.2	28.7	5544.84	350.343
2119	0	516	9.1	24.1	219.31	350.3521
2120	0	515	121.9	21.9	2669.61	350.474
2121	0	514	48.2	21.9	1055.58	350.5222
2122	0	513	146	29	4234	350.6682
2123	0	512	370	28	10360	351.0382
2124	0	511	107.3	32.6	3497.98	351.1455
2125	0	510	177.1	69.5	12308.45	351.3226
2126	0	509	32.3	75	2422.5	351.3549
2127	0	508	108.2	57.3	6199.86	351.4631
2128	0	507	92.4	51.2	4730.88	351.5555
2129	0	506	30.8	103.9	3200.12	351.5863
2130	0	505	107.9	61.6	6646.64	351.6942
2131	0	504	135.6	59.7	8095.32	351.8298
2132	0	503	65.5	51.2	3353.6	351.8953
2133	0	502	563.3	57	32108.1	352.4586
2134	0	501	127.4	52.4	6675.76	352.586
2135	0	500	193.2	68.6	13253.52	352.7792
2136	0	499	57.9	50	2895	352.8371
2137	0	498	126.5	39.9	5047.35	352.9636
2138	0	497	89	46	4094	353.0526
2139	0	496	27.1	36.6	991.86	353.0797
2140	0	495	225.2	36	8107.2	353.3049
2141	0	494	22.6	33.5	757.1	353.3275
2142	0	493	128.3	42.4	5439.92	353.4558
2143	0	492	31.4	36.9	1158.66	353.4872
2144	0	491	128	57.9	7411.2	353.6152
2145	0	490	82	57.9	4747.8	353.6972
2146	0	489	209.1	57	11918.7	353.9063
2147	0	488	69.2	46	3183.2	353.9755
2148	0	487	119.5	56.4	6739.8	354.095
2149	0	486	125.6	49.7	6242.32	354.2206
2150	0	485	141.7	40.8	5781.36	354.3623
2151	0	484	71.9	0	0	354.4342
2152	0	483	102.4	55.5	5683.2	354.5366
2153	0	482	241.4	69.8	16849.72	354.778
2154	0	481	43	49.4	2124.2	354.821
2155	0	480	146.9	35.1	5156.19	354.9679
2156	0	479	120.7	39.3	4743.51	355.0886
2157	0	478	193.2	69.8	13485.36	355.2818
2158	0	477	83.8	41.1	3444.18	355.3656
2159	0	476	48.8	54.9	2679.12	355.4144
2160	0	475	54.6	53.6	2926.56	355.469
2161	0	474	209.1	59.7	12483.27	355.6781
2162	0	473	72.8	50.3	3661.84	355.7509
2163	0	472	154.2	33.5	5165.7	355.9051
2164	0	471	110.3	46.3	5106.89	356.0154
2165	0	470	115.8	57.3	6635.34	356.1312
2166	0	469	244.8	53.3	13047.84	356.376
2167	0	468	38.7	48.2	1865.34	356.4147
2168	0	467	125	57.6	7200	356.5397
2169	0	466	131.7	43	5663.1	356.6714
2170	0	465	177.1	54.9	9722.79	356.8485
2171	0	464	61	56.4	3440.4	356.9095
2172	0	463	148.1	53.3	7893.73	357.0576
2173	0	462	68.3	50.6	3455.98	357.1259
2174	0	461	85	51.8	4403	357.2109
2175	0	460	273.7	51.5	14095.55	357.4846
2176	0	459	100	55.2	5520	357.5846
2177	0	458	108.8	42.7	4645.76	357.6934
2178	0	457	93	69.5	6463.5	357.7864
2179	0	456	106.7	55.8	5953.86	357.8931
2180	0	455	140.5	49.7	6982.85	358.0336
2181	0	454	64.9	38.4	2492.16	358.0985
2182	0	453	87.5	47.9	4191.25	358.186
2183	0	452	209.1	39	8154.9	358.3951
2184	0	451	282.6	0	0	358.6777
2185	0	450	193.2	41.1	7940.52	358.8709
2186	0	449	35.4	31.1	1100.94	358.9063
2187	0	448	130.8	36.6	4787.28	359.0371
2188	0	447	110.9	49.4	5478.46	359.148
2189	0	446	72.5	36.6	2653.5	359.2205
2190	0	445	37.2	39.9	1484.28	359.2577
2191	0	444	150	28	4200	359.4077
2192	0	443	69.5	30.5	2119.75	359.4772
2193	0	442	193.2	41.1	7940.52	359.6704
2194	0	441	75	38.1	2857.5	359.7454
2195	0	440	62.8	37.5	2355	359.8082
2196	0	439	201.5	0	0	360.0097
2197	0	438	75	40.8	3060	360.0847
2198	0	437	53	37.8	2003.4	360.1377
2199	0	436	64	44.2	2828.8	360.2017
2200	0	435	305.7	41.1	12564.27	360.5074
2201	0	434	138.7	19.2	2663.04	360.6461
2202	0	433	8.5	39.6	336.6	360.6546
2203	0	432	18.3	14.9	272.67	360.6729
2204	0	431	10.7	20.4	218.28	360.6836
2205	0	430	10.4	20.1	209.04	360.694
2206	0	429	49.4	17.1	844.74	360.7434
2207	0	428	19.2	25	480	360.7626
2208	0	427	15.5	26.2	406.1	360.7781
2209	0	426	25.6	26.5	678.4	360.8037
2210	0	425	71.6	23.5	1682.6	360.8753
2211	0	424	5.8	26.2	151.96	360.8811
2212	0	423	11.9	27.4	326.06	360.893
2213	0	422	14.6	21	306.6	360.9076
2214	0	421	19.2	17.4	334.08	360.9268
2215	0	420	44.5	20.1	894.45	360.9713
2216	0	419	41.5	18.9	784.35	361.0128
2217	0	418	1.8	17.7	31.86	361.0146
2218	0	417	15.2	20.4	310.08	361.0298
2219	0	416	23.8	22.9	545.02	361.0536
2220	0	415	2.1	20.1	42.21	361.0557
2221	0	414	16.8	19.2	322.56	361.0725
2222	0	413	20.1	18	361.8	361.0926
2223	0	412	2.7	21	56.7	361.0953
2224	0	411	20.7	21.9	453.33	361.116
2225	0	410	28	25	700	361.144
2226	0	409	8.5	19.2	163.2	361.1525
2227	0	408	9.1	19.5	177.45	361.1616
2228	0	407	12.5	21.6	270	361.1741
2229	0	406	10.4	25	260	361.1845
2230	0	405	21.6	23.5	507.6	361.2061
2231	0	404	127.7	21.6	2758.32	361.3338
2232	0	403	33.5	12.8	428.8	361.3673
2233	0	402	16.2	11.9	192.78	361.3835
2234	0	401	9.8	9.1	89.18	361.3933
2235	0	400	7.6	9.8	74.48	361.4009
2236	0	399	12.8	8.8	112.64	361.4137
2237	0	398	7.3	7.6	55.48	361.421
2238	0	397	29.3	7.9	231.47	361.4503
2239	0	396	10.1	4.9	49.49	361.4604
2240	0	395	44.8	12.2	546.56	361.5052
2241	0	394	15.8	21.6	341.28	361.521
2242	0	393	86.3	22.9	1976.27	361.6073
2243	0	392	25.9	13.4	347.06	361.6332
2244	0	391	8.5	15.2	129.2	361.6417
2245	0	390	7.3	15.8	115.34	361.649
2246	0	389	40.5	12.2	494.1	361.6895
2247	0	388	4.6	18	82.8	361.6941
2248	0	387	13.1	16.2	212.22	361.7072
2249	0	386	7.3	14.3	104.39	361.7145
2250	0	385	7.3	14.9	108.77	361.7218
2251	0	384	11	13.7	150.7	361.7328
2252	0	383	55.2	15.2	839.04	361.788
2253	0	382	1.5	14.6	21.9	361.7895
2254	0	381	18.6	17.4	323.64	361.8081
2255	0	380	1.8	18	32.4	361.8099
2256	0	379	24.7	16.5	407.55	361.8346
2257	0	378	48.5	18.3	887.55	361.8831
2258	0	377	11	12.5	137.5	361.8941
2259	0	376	14.3	12.5	178.75	361.9084
2260	0	375	10.1	13.7	138.37	361.9185
2261	0	374	14	11.6	162.4	361.9325
2262	0	373	12.5	13.1	163.75	361.945
2263	0	372	61.6	18.6	1145.76	362.0066
2264	0	371	39.9	19.5	778.05	362.0465
2265	0	370	10.7	13.1	140.17	362.0572
2266	0	369	3.7	14.3	52.91	362.0609
2267	0	368	9.8	14.6	143.08	362.0707
2268	0	367	35.1	20.1	705.51	362.1058
2269	0	366	14.6	15.8	230.68	362.1204
2270	0	365	10.7	10.7	114.49	362.1311
2271	0	364	36.3	12.5	453.75	362.1674
2272	0	363	31.7	12.2	386.74	362.1991
2273	0	362	17.7	12.8	226.56	362.2168
2274	0	361	16.2	12.5	202.5	362.233
2275	0	360	32.6	13.4	436.84	362.2656
2276	0	359	25.3	14.9	376.97	362.2909
2277	0	358	22.9	15.2	348.08	362.3138
2278	0	357	11.9	14.3	170.17	362.3257
2279	0	356	19.2	15.5	297.6	362.3449
2280	0	355	17.4	14.6	254.04	362.3623
2281	0	354	59.1	26.8	1583.88	362.4214
2282	0	353	8.2	16.2	132.84	362.4296
2283	0	352	34.7	21.3	739.11	362.4643
2284	0	351	14.3	16.5	235.95	362.4786
2285	0	350	158.2	39	6169.8	362.6368
2286	0	349	21.9	17.7	387.63	362.6587
2287	0	348	28	12.5	350	362.6867
2288	0	347	11	13.1	144.1	362.6977
2289	0	346	9.1	14	127.4	362.7068
2290	0	345	15.8	15.8	249.64	362.7226
2291	0	344	9.8	14.3	140.14	362.7324
2292	0	343	3.7	12.8	47.36	362.7361
2293	0	342	26.8	12.5	335	362.7629
2294	0	341	2.7	14.6	39.42	362.7656
2295	0	340	12.8	16.5	211.2	362.7784
2296	0	339	11.3	14.3	161.59	362.7897
2297	0	338	16.5	14.9	245.85	362.8062
2298	0	337	5.2	16.8	87.36	362.8114
2299	0	336	10.1	13.1	132.31	362.8215
2300	0	335	9.1	11.6	105.56	362.8306
2301	0	334	11.6	22.6	262.16	362.8422
2302	0	333	11	24.1	265.1	362.8532
2303	0	332	15.2	25	380	362.8684
2304	0	331	39	21.6	842.4	362.9074
2305	0	330	8.5	17.1	145.35	362.9159
2306	0	329	3.4	16.8	57.12	362.9193
2307	0	328	12.5	19.8	247.5	362.9318
2308	0	327	3.7	19.2	71.04	362.9355
2309	0	326	13.7	20.7	283.59	362.9492
2310	0	325	10.4	22.3	231.92	362.9596
2311	0	324	2.4	19.8	47.52	362.962
2312	0	323	26.8	21	562.8	362.9888
2313	0	322	4.9	22.9	112.21	362.9937
2314	0	321	59.7	33.8	2017.86	363.0534
2315	0	320	12.5	34.1	426.25	363.0659
2316	0	319	15.2	38.1	579.12	363.0811
2317	0	318	12.8	30.8	394.24	363.0939
2318	0	317	26.2	31.1	814.82	363.1201
2319	0	316	10.1	30.2	305.02	363.1302
2320	0	315	5.2	29	150.8	363.1354
2321	0	314	18	29.6	532.8	363.1534
2322	0	313	16.5	16.2	267.3	363.1699
2323	0	312	4.9	17.7	86.73	363.1748
2324	0	311	8.5	18.3	155.55	363.1833
2325	0	310	5.2	18.3	95.16	363.1885
2326	0	309	174	26.8	4663.2	363.3625
2327	0	308	20.1	18.9	379.89	363.3826
2328	0	307	30.5	26.5	808.25	363.4131
2329	0	306	11.3	28	316.4	363.4244
2330	0	305	7	38.1	266.7	363.4314
2331	0	304	16.8	38.1	640.08	363.4482
2332	0	303	11.6	32.9	381.64	363.4598
2333	0	302	21.6	31.4	678.24	363.4814
2334	0	301	21.6	28	604.8	363.503
2335	0	300	27.7	23.2	642.64	363.5307
2336	0	299	8.8	24.4	214.72	363.5395
2337	0	298	45.7	19.5	891.15	363.5852
2338	0	297	41.8	19.5	815.1	363.627
2339	0	296	112.5	24.7	2778.75	363.7395
2340	0	295	18.6	24.1	448.26	363.7581
2341	0	294	3	20.1	60.3	363.7611
2342	0	293	20.4	21.6	440.64	363.7815
2343	0	292	207	31.1	6437.7	363.9885
2344	0	291	64.3	23.5	1511.05	364.0528
2345	0	290	7	14.6	102.2	364.0598
2346	0	289	25	9.1	227.5	364.0848
2347	0	288	26.2	11.6	303.92	364.111
2348	0	287	29.6	14	414.4	364.1406
2349	0	286	17.1	23.5	401.85	364.1577
2350	0	285	21.3	14	298.2	364.179
2351	0	284	28.3	14.6	413.18	364.2073
2352	0	283	17.1	13.7	234.27	364.2244
2353	0	282	16.2	18.3	296.46	364.2406
2354	0	281	37.8	18.9	714.42	364.2784
2355	0	280	10.7	0	0	364.2891
2356	0	279	27.4	22.9	627.46	364.3165
2357	0	278	86	29.9	2571.4	364.4025
2358	0	277	101.5	24.1	2446.15	364.504
2359	0	276	19.8	27.1	536.58	364.5238
2360	0	275	20.4	26.5	540.6	364.5442
2361	0	274	5.8	30.5	176.9	364.55
2362	0	273	17.4	26.2	455.88	364.5674
2363	0	272	7.6	24.7	187.72	364.575
2364	0	271	77.1	20.7	1595.97	364.6521
2365	0	270	57.9	19.8	1146.42	364.71
2366	0	269	39.3	18.3	719.19	364.7493
2367	0	268	34.7	23.8	825.86	364.784
2368	0	267	18	26.2	471.6	364.802
2369	0	266	57.6	32.6	1877.76	364.8596
2370	0	265	18.9	29.6	559.44	364.8785
2371	0	264	18	29	522	364.8965
2372	0	263	23.8	28.3	673.54	364.9203
2373	0	262	54.3	23.5	1276.05	364.9746
2374	0	261	4	25.3	101.2	364.9786
2375	0	260	12.2	25	305	364.9908
2376	0	259	12.8	24.1	308.48	365.0036
2377	0	258	15.2	27.7	421.04	365.0188
2378	0	257	103.6	24.7	2558.92	365.1224
2379	0	256	17.7	24.4	431.88	365.1401
2380	0	255	14.6	18.9	275.94	365.1547
2381	0	254	11.6	15.8	183.28	365.1663
2382	0	253	1.8	18.6	33.48	365.1681
2383	0	252	7.6	17.4	132.24	365.1757
2384	0	251	26.2	16.8	440.16	365.2019
2385	0	250	31.1	15.8	491.38	365.233
2386	0	249	15.2	14	212.8	365.2482
2387	0	248	22.6	16.8	379.68	365.2708
2388	0	247	32.3	16.8	542.64	365.3031
2389	0	246	14.6	19.5	284.7	365.3177
2390	0	245	27.7	16.8	465.36	365.3454
2391	0	244	17.7	20.7	366.39	365.3631
2392	0	243	60.7	28	1699.6	365.4238
2393	0	242	32.3	29.6	956.08	365.4561
2394	0	241	3.4	25.3	86.02	365.4595
2395	0	240	17.7	25.9	458.43	365.4772
2396	0	239	7	29	203	365.4842
2397	0	238	10.1	28	282.8	365.4943
2398	0	237	4	29.3	117.2	365.4983
2399	0	236	10.1	33.8	341.38	365.5084
2400	0	235	51	0	0	365.5594
2401	0	234	37.5	37.8	1417.5	365.5969
2402	0	233	16.5	29.6	488.4	365.6134
2403	0	232	25.3	18.6	470.58	365.6387
2404	0	231	24.4	16.8	409.92	365.6631
2405	0	230	18.9	14.6	275.94	365.682
2406	0	229	4.6	18	82.8	365.6866
2407	0	228	24.7	20.7	511.29	365.7113
2408	0	227	5.8	19.5	113.1	365.7171
2409	0	226	11	22.6	248.6	365.7281
2410	0	225	1.8	18	32.4	365.7299
2411	0	224	28	17.7	495.6	365.7579
2412	0	223	25	17.7	442.5	365.7829
2413	0	222	59.7	18.6	1110.42	365.8426
2414	0	221	49.7	28	1391.6	365.8923
2415	0	220	42.7	25	1067.5	365.935
2416	0	219	46.9	16.8	787.92	365.9819
2417	0	218	4	17.7	70.8	365.9859
2418	0	217	8.8	22.9	201.52	365.9947
2419	0	216	3.7	20.4	75.48	365.9984
2420	0	215	16.2	18.6	301.32	366.0146
2421	0	214	9.1	19.5	177.45	366.0237
2422	0	213	18.6	18.3	340.38	366.0423
2423	0	212	19.5	18.9	368.55	366.0618
2424	0	211	7	21.3	149.1	366.0688
2425	0	210	85.3	21.9	1868.07	366.1541
2426	0	209	21.9	24.4	534.36	366.176
2427	0	208	15.5	25.9	401.45	366.1915
2428	0	207	3.7	27.1	100.27	366.1952
2429	0	206	14.3	30.2	431.86	366.2095
2430	0	205	25.6	36.9	944.64	366.2351
2431	0	204	20.4	28.7	585.48	366.2555
2432	0	203	18.6	21.6	401.76	366.2741
2433	0	202	23.2	19.8	459.36	366.2973
2434	0	201	16.2	15.8	255.96	366.3135
2435	0	200	17.1	19.2	328.32	366.3306
2436	0	199	10.7	13.4	143.38	366.3413
2437	0	198	11	11	121	366.3523
2438	0	197	60	13.1	786	366.4123
2439	0	196	58.8	23.8	1399.44	366.4711
2440	0	195	12.8	33.5	428.8	366.4839
2441	0	194	7.3	27.4	200.02	366.4912
2442	0	193	70.7	31.4	2219.98	366.5619
2443	0	192	11	34.1	375.1	366.5729
2444	0	191	4.3	27.7	119.11	366.5772
2445	0	190	24.1	25.3	609.73	366.6013
2446	0	189	2.4	31.1	74.64	366.6037
2447	0	188	17.7	28.7	507.99	366.6214
2448	0	187	16.8	23.8	399.84	366.6382
2449	0	186	42.1	22.6	951.46	366.6803
2450	0	185	31.4	19.5	612.3	366.7117
2451	0	184	23.5	22.9	538.15	366.7352
2452	0	183	24.1	19.2	462.72	366.7593
2453	0	182	3.4	22.6	76.84	366.7627
2454	0	181	31.1	23.8	740.18	366.7938
2455	0	180	12.2	24.4	297.68	366.806
2456	0	179	5.2	26.2	136.24	366.8112
2457	0	178	7	24.1	168.7	366.8182
2458	0	177	10.7	20.7	221.49	366.8289
2459	0	176	14.3	22.6	323.18	366.8432
2460	0	175	54.9	26.5	1454.85	366.8981
2461	0	174	4.9	27.1	132.79	366.903
2462	0	173	20.4	30.2	616.08	366.9234
2463	0	172	31.7	36	1141.2	366.9551
2464	0	171	61.9	31.1	1925.09	367.017
2465	0	170	19.8	32	633.6	367.0368
2466	0	169	19.2	29.6	568.32	367.056
2467	0	168	3.4	29.9	101.66	367.0594
2468	0	167	87.8	31.1	2730.58	367.1472
2469	0	166	2.7	22.9	61.83	367.1499
2470	0	165	14.6	24.1	351.86	367.1645
2471	0	164	24.4	20.4	497.76	367.1889
2472	0	163	3	21	63	367.1919
2473	0	162	8.2	20.4	167.28	367.2001
2474	0	161	1.8	21.6	38.88	367.2019
2475	0	160	8.8	20.7	182.16	367.2107
2476	0	159	34.7	20.7	718.29	367.2454
2477	0	158	17.7	18	318.6	367.2631
2478	0	157	5.5	17.4	95.7	367.2686
2479	0	156	14	18.6	260.4	367.2826
2480	0	155	17.4	17.7	307.98	367.3
2481	0	154	7.3	15.8	115.34	367.3073
2482	0	153	18.6	19.5	362.7	367.3259
2483	0	152	11	20.1	221.1	367.3369
2484	0	151	5.2	18	93.6	367.3421
2485	0	150	11.6	0	0	367.3537
2486	0	149	37.5	21	787.5	367.3912
2487	0	148	16.5	14.6	240.9	367.4077
2488	0	147	16.5	14.6	240.9	367.4242
2489	0	146	30.8	19.5	600.6	367.455
2490	0	145	35.7	27.1	967.47	367.4907
2491	0	144	19.8	20.4	403.92	367.5105
2492	0	143	40.5	17.1	692.55	367.551
2493	0	142	36.3	15.8	573.54	367.5873
2494	0	141	3	20.4	61.2	367.5903
2495	0	140	14	24.1	337.4	367.6043
2496	0	139	52.7	23.2	1222.64	367.657
2497	0	138	93.4	94.5	8826.3	367.7504
2498	0	137	66.9	73.5	4917.15	367.8173
2499	0	136	71.3	68.3	4869.79	367.8886
2500	0	135	80.8	94.5	7635.6	367.9694
2501	0	134	12.1	68.3	826.43	367.9815
2502	0	133	25.6	73.5	1881.6	368.0071
2503	0	132	31.1	94.5	2938.95	368.0382
2504	0	131	73.4	73.5	5394.9	368.1116
2505	0	130	28.5	94.5	2693.25	368.1401
2506	0	129	86.2	61.3	5284.06	368.2263
2507	0	128	93.4	94.5	8826.3	368.3197
2508	0	127	66.9	73.5	4917.15	368.3866
2509	0	126	71.3	68.3	4869.79	368.4579
2510	0	125	80.8	94.5	7635.6	368.5387
2511	0	124	12.1	68.3	826.43	368.5508
2512	0	123	25.6	73.5	1881.6	368.5764
2513	0	122	31.1	94.5	2938.95	368.6075
2514	0	121	73.4	73.5	5394.9	368.6809
2515	0	120	28.5	94.5	2693.25	368.7094
2516	0	119	86.2	61.3	5284.06	368.7956
2517	0	118	32.2	90.5	2914.1	368.8278
2518	0	117	10.4	73.5	764.4	368.8382
2519	0	116	12.9	58.2	750.78	368.8511
2520	0	115	5.8	46.6	270.28	368.8569
2521	0	114	16.3	51.8	844.34	368.8732
2522	0	113	10.3	57.6	593.28	368.8835
2523	0	112	31.6	57.3	1810.68	368.9151
2524	0	111	9.4	61.9	581.86	368.9245
2525	0	110	32.6	64	2086.4	368.9571
2526	0	109	16	63.4	1014.4	368.9731
2527	0	108	21.8	59.1	1288.38	368.9949
2528	0	107	24.3	83.8	2036.34	369.0192
2529	0	106	67.6	122.8	8301.28	369.0868
2530	0	105	32	99.7	3190.4	369.1188
2531	0	104	7.9	102.4	808.96	369.1267
2532	0	103	11.1	93.9	1042.29	369.1378
2533	0	102	123.3	0	0	369.2611
2534	0	101	79.8	0	0	369.3409
2535	0	100	44.1	107.9	4758.39	369.385
2536	0	99	50.2	150	7530	369.4352
2537	0	98	53.2	97.8	5202.96	369.4884
2538	0	97	63.8	101.5	6475.7	369.5522
2539	0	96	25.3	89.9	2274.47	369.5775
2540	0	95	58	89.6	5196.8	369.6355
2541	0	94	39.6	128	5068.8	369.6751
2542	0	93	93.4	82.9	7742.86	369.7685
2543	0	92	66.9	100.6	6730.14	369.8354
2544	0	91	71.3	87.5	6238.75	369.9067
2545	0	90	80.8	0	0	369.9875
2546	0	89	73.4	105.2	7721.68	370.0609
2547	0	88	28.5	92.7	2641.95	370.0894
2548	0	87	86.2	137.8	11878.36	370.1756
2549	0	86	282.9	20.1	5686.29	370.4585
2550	0	85	55.8	39.6	2209.68	370.5143
2551	0	84	57.6	45.7	2632.32	370.5719
2552	0	83	41.1	32.9	1352.19	370.613
2553	0	82	60.7	18.9	1147.23	370.6737
2554	0	81	34.1	27.7	944.57	370.7078
2555	0	80	57.3	25.9	1484.07	370.7651
2556	0	79	117.3	39.9	4680.27	370.8824
2557	0	78	63.1	59.4	3748.14	370.9455
2558	0	77	210	57.3	12033	371.1555
2559	0	76	136.2	43.6	5938.32	371.2917
2560	0	75	16.5	45.7	754.05	371.3082
2561	0	74	51.2	0	0	371.3594
2562	0	73	93.3	48.2	4497.06	371.4527
2563	0	72	19.5	38.7	754.65	371.4722
2564	0	71	183.8	48.2	8859.16	371.656
2565	0	70	94.8	41.5	3934.2	371.7508
2566	0	69	60	40.2	2412	371.8108
2567	0	68	80.5	0	0	371.8913
2568	0	67	78	79.6	6208.8	371.9693
2569	0	66	612.7	56.7	34740.09	372.582
2570	0	65	128.3	38.7	4965.21	372.7103
2571	0	64	131.4	34.1	4480.74	372.8417
2572	0	63	74.4	33.2	2470.08	372.9161
2573	0	62	219.2	0	0	373.1353
2574	0	61	23.5	67.1	1576.85	373.1588
2575	0	60	33.2	0	0	373.192
2576	0	59	25.6	68.3	1748.48	373.2176
2577	0	58	153.3	0	0	373.3709
2578	0	57	207.9	66.8	13887.72	373.5788
2579	0	56	55.5	0	0	373.6343
2580	0	55	1109.2	75	83190	374.7435
2581	0	54	70.7	0	0	374.8142
2582	0	53	411.2	58.5	24055.2	375.2254
2583	0	52	116.4	0	0	375.3418
2584	0	51	109.7	45.7	5013.29	375.4515
2585	0	50	78.9	0	0	375.5304
2586	0	49	84.7	36	3049.2	375.6151
2587	0	48	14.3	24.4	348.92	375.6294
2588	0	47	24.4	36.6	893.04	375.6538
2589	0	46	110	32.9	3619	375.7638
2590	0	45	44.8	23.5	1052.8	375.8086
2591	0	44	111.9	3.4	380.46	375.9205
2592	0	43	23.8	19.8	471.24	375.9443
2593	0	42	33.2	21.3	707.16	375.9775
2594	0	41	34.4	29.3	1007.92	376.0119
2595	0	40	91.7	21.3	1953.21	376.1036
2596	0	39	15.2	15.2	231.04	376.1188
2597	0	38	33.2	17.1	567.72	376.152
2598	0	37	19.8	14	277.2	376.1718
2599	0	36	103.6	21.6	2237.76	376.2754
2600	0	35	66.1	23.2	1533.52	376.3415
2601	0	34	46	28.3	1301.8	376.3875
2602	0	33	15.5	26.8	415.4	376.403
2603	0	32	20.4	23.5	479.4	376.4234
2604	0	31	23.5	23.5	552.25	376.4469
2605	0	30	25.9	23.2	600.88	376.4728
2606	0	29	68	0	0	376.5408
2607	0	28	82.9	37.8	3133.62	376.6237
2608	0	27	10.7	37.5	401.25	376.6344
2609	0	26	7.6	39.3	298.68	376.642
2610	0	25	38.4	0	0	376.6804
2611	0	24	54.6	38.4	2096.64	376.735
2612	0	23	30.5	28	854	376.7655
2613	0	22	44.5	31.1	1383.95	376.81
2614	0	21	36.3	28.3	1027.29	376.8463
2615	0	20	35.4	36.6	1295.64	376.8817
2616	0	19	42.7	37.8	1614.06	376.9244
2617	0	18	270.4	0	0	377.1948
2618	0	17	52.7	45.7	2408.39	377.2475
2619	0	16	33.2	28.7	952.84	377.2807
2620	0	15	90.2	22.9	2065.58	377.3709
2621	0	14	62.2	22.9	1424.38	377.4331
2622	0	13	59.7	17.4	1038.78	377.4928
2623	0	12	52.7	17.7	932.79	377.5455
2624	0	11	22.6	23.5	531.1	377.5681
2625	0	10	29.3	28	820.4	377.5974
2626	0	9	35.1	22.6	793.26	377.6325
2627	0	8	71.6	27.7	1983.32	377.7041
2628	0	7	109.7	32	3510.4	377.8138
2629	0	6	47.9	33.2	1590.28	377.8617
2630	0	5	98.5	30.8	3033.8	377.9602
2631	0	4	24.7	14.6	360.62	377.9849
2632	0	3	54.9	21.6	1185.84	378.0398
2633	0	2	84.7	23.5	1990.45	378.1245
2634	0	1	112.8	91.4	10309.92	378.2373
